_name=mixed
_uid=0
_timeDuration_sec=1
_numSamplePts=2000
_samplingFreq_Hz=2000
_isComplex=1
basebandTimeDuration_sec=1
basebandSamplingFreq_Hz=100
basebandSamplePts=100
basebandFreqRng_Hz=[10, 50]
carrierFreq_Hz=1000
carrierSamplePts=2000
carrierFreqRng_Hz=[500, 2000]
isTimeDomainSln=1

# xR, xI
0.499986,0.866001
0,-0
0,0
0,-0
0,0
0,-0
0,0
0,-0
0,0
0,-0
0,0
0,-0
0,0
0,-0
0,0
0.125833,-0.0694287
-0.167463,0.0355946
0.184571,-0.0392307
-0.197851,0.042054
0.206259,-0.0438408
-0.209145,0.044454
0.206259,-0.0438411
-0.197851,0.0420538
0.184571,-0.0392307
-0.167463,0.0355941
0.149443,-0.0472158
-0.129333,0.0506143
0.109508,-0.0569246
-0.0911001,0.0669854
0.07496,-0.0815057
-0.0615995,0.100876
0.0512523,-0.12518
-0.0438547,0.154019
0.0391531,-0.186529
-0.0366899,0.221274
0.0359166,-0.256343
-0.0302937,0.28827
0.0333889,-0.31772
-0.0357893,0.340581
0.0373078,-0.355055
-0.0378276,0.360023
0.0373088,-0.355055
-0.0357858,0.340582
0.0333817,-0.317721
-0.0302857,0.288271
0.0239867,-0.255612
-0.0188397,0.220179
0.0131841,-0.184935
-0.00710686,0.151763
0.000657964,-0.122072
0.00612556,0.0967144
-0.0132084,-0.0760874
0.0205259,0.0601247
-0.0279649,-0.0484745
0.0353446,0.0404918
-0.0424124,-0.035422
0.0499413,0.022229
-0.0550435,-0.0244996
0.0590043,0.0262621
-0.0615119,-0.0273777
0.0623728,0.0277604
-0.0615122,-0.0273769
0.059005,0.0262606
-0.0550444,-0.0244975
0.0499421,0.0222272
-0.0173449,-0.0493075
-0.00217175,0.0612733
0.0266265,-0.0787143
-0.0567348,0.102923
0.0931759,-0.135017
-0.136292,0.175603
0.186077,-0.224778
-0.241865,0.281795
0.302309,-0.345076
-0.36518,0.412016
0.427491,-0.479107
-0.487529,0.541526
0.537341,-0.596844
-0.576011,0.639784
0.600494,-0.666966
-0.608892,0.676303
0.600496,-0.666965
-0.576014,0.639781
0.537354,-0.596831
-0.487551,0.541506
0.452207,-0.439846
-0.402158,0.353268
0.356097,-0.259608
-0.317978,0.160843
0.290866,-0.0582448
-0.276562,-0.0473172
0.275786,0.155203
-0.287927,-0.264518
0.311346,0.373812
-0.343231,-0.48081
0.379996,0.582245
-0.400302,-0.693428
0.441191,0.764273
-0.472929,-0.81927
0.493018,0.854089
-0.49991,-0.866045
0.493003,0.854098
-0.472925,-0.819273
0.441173,0.764283
-0.400274,-0.693445
0.344046,0.613903
-0.289442,-0.528183
0.233096,0.442734
-0.1772,-0.362051
0.123342,0.28949
-0.0725023,-0.227078
0.0252105,0.175775
0.0183539,-0.135443
-0.05811,0.105287
0.0940129,-0.0838413
-0.125844,0.0694094
0.167469,-0.035567
-0.184578,0.0391989
0.197859,-0.0420176
-0.206268,0.0438013
0.209155,-0.0444124
-0.206269,0.0437976
0.197861,-0.0420106
-0.18458,0.039189
0.167471,-0.035555
-0.149455,0.0471798
0.129346,-0.0505821
-0.109523,0.0568965
0.0911159,-0.0669641
-0.0749798,0.0814876
0.0616247,-0.10086
-0.0512845,0.125167
0.0438966,-0.154007
-0.0392067,0.186518
0.0367568,-0.221263
-0.035998,0.256332
0.0303896,-0.28826
-0.033497,0.317708
0.0359103,-0.340569
-0.0374395,0.355041
0.0379556,-0.36001
-0.037435,0.355041
0.0359121,-0.340568
-0.0335043,0.317708
0.0304013,-0.288259
-0.0240932,0.255602
0.0189348,-0.220171
-0.0132669,0.184929
0.00717713,-0.151759
-0.000716388,0.122072
-0.00607773,-0.0967174
0.0131696,0.0760939
-0.0204942,-0.0601353
0.02794,0.0484885
-0.0353236,-0.0405096
0.0423934,0.035444
-0.0499288,-0.0222557
0.0550294,0.0245298
-0.0589887,-0.0262954
0.0614952,0.0274133
-0.0623555,-0.0277975
0.0614947,0.0274144
-0.0589878,-0.0262975
0.0550281,0.0245328
-0.0499272,-0.0222592
0.0173126,0.0493185
0.00221164,-0.0612716
-0.0266775,0.0786969
0.0568029,-0.102885
-0.0932651,0.134955
0.136408,-0.175513
-0.186225,0.224655
0.242051,-0.281635
-0.302536,0.344876
0.365458,-0.411769
-0.427814,0.478818
0.487894,-0.541196
-0.537743,0.59648
0.576442,-0.639395
-0.600944,0.66656
0.609359,-0.675882
-0.600956,0.666549
0.576465,-0.639374
-0.537775,0.596452
0.4879,-0.541191
-0.452491,0.439554
0.402386,-0.353008
-0.356264,0.259378
0.318081,-0.160638
-0.290903,0.058057
0.27653,0.0475042
-0.275682,-0.155389
0.287748,0.264712
-0.311094,-0.374023
0.342906,0.481042
-0.379603,-0.582501
0.399834,0.693699
-0.440675,-0.764571
0.472376,0.81959
-0.492442,-0.854423
0.499325,0.866383
-0.492427,-0.854431
0.472347,0.819607
-0.440634,-0.764595
0.399785,0.693727
-0.343613,-0.614146
0.289069,0.528387
-0.232783,-0.442899
0.176945,0.362176
-0.123137,-0.289577
0.0723557,0.227125
-0.0250969,-0.175791
-0.0184416,0.135431
0.0581783,-0.10525
-0.0940675,0.0837808
0.125891,-0.0693245
-0.167494,0.035454
0.184605,-0.0390744
-0.197889,0.0418842
0.206298,-0.0436622
-0.209185,0.0442713
0.206299,-0.0436585
-0.19789,0.0418772
0.184607,-0.0390645
-0.167496,0.0354421
0.149488,-0.047079
-0.129381,0.0504949
0.109562,-0.0568226
-0.0911635,0.0668999
0.0750376,-0.0814347
-0.0616961,0.100817
0.051373,-0.125131
-0.0440054,0.153976
0.0393384,-0.18649
-0.036913,0.221237
0.0361633,-0.256309
-0.0305754,0.28824
0.0337019,-0.317687
-0.0361299,0.340545
0.0376684,-0.355016
-0.0381987,0.359984
0.0376747,-0.355016
-0.0361421,0.340544
0.0337189,-0.317685
-0.030596,0.288238
0.0242659,-0.255585
-0.0190836,0.220158
0.0133918,-0.18492
-0.00727972,0.151754
0.000798974,-0.122071
0.00601222,0.0967213
-0.0131226,-0.0761019
0.0204606,0.0601464
-0.0279142,-0.0485029
0.0353019,0.0405278
-0.0423764,-0.0354633
0.0499193,0.0222754
-0.0550203,-0.0245482
0.0589807,0.0263115
-0.0614868,-0.0274301
0.0623486,0.0278107
-0.0614896,-0.0274237
0.0589845,0.0263028
-0.0550265,-0.0245343
0.0499258,0.0222607
-0.0173133,-0.0493177
-0.00220681,0.0612716
0.0266663,-0.0787006
-0.0567818,0.102897
0.0932372,-0.134975
-0.136361,0.175549
0.186151,-0.224716
-0.241941,0.281729
0.30238,-0.345013
-0.365271,0.411934
0.427568,-0.479038
-0.487583,0.541476
0.537364,-0.596822
-0.575996,0.639796
0.600438,-0.667015
-0.608846,0.676343
0.60041,-0.667041
-0.575902,0.639881
0.537214,-0.596957
-0.48739,0.54165
0.452077,-0.439979
-0.402032,0.353411
0.355988,-0.259756
-0.317901,0.160995
0.290834,-0.0584015
-0.276585,-0.0471767
0.275875,0.155046
-0.288094,-0.264336
0.311605,0.373597
-0.343593,-0.480552
0.380434,0.581959
-0.400866,-0.693103
0.441859,0.763887
-0.473696,-0.818828
0.49387,0.853598
-0.500773,-0.865547
0.493906,0.853577
-0.473816,-0.818758
0.442051,0.763776
-0.401113,-0.69296
0.344789,0.613487
-0.290113,-0.527815
0.233685,0.442424
-0.177705,-0.361804
0.123763,0.28931
-0.0728464,-0.226968
0.0254769,0.175736
0.0181403,-0.135471
-0.0579374,0.105382
0.0938704,-0.0840007
-0.125724,0.0696266
0.167407,-0.0358562
-0.184507,0.0395289
0.197781,-0.0423835
-0.206184,0.0441953
0.209067,-0.0448246
-0.206182,0.0442042
0.197775,-0.0424127
-0.184497,0.0395753
0.167394,-0.0359158
-0.14935,0.0475108
0.12923,-0.0508765
-0.109386,0.0571591
0.0909571,-0.0671797
-0.0747867,0.0816649
0.0613734,-0.101014
-0.0509727,0.125294
0.0434943,-0.154122
-0.0387195,0.186619
0.036179,-0.221358
-0.0352972,0.256429
0.0296016,-0.288342
-0.0325898,0.317803
0.0349378,-0.34067
-0.0364257,0.355146
0.0368946,-0.36012
-0.0363886,0.35515
0.0348668,-0.340677
-0.0325292,0.317809
0.0295166,-0.288351
-0.0232775,0.255677
0.0182321,-0.22023
-0.012654,0.184972
0.00667416,-0.151782
-0.000311736,0.122074
-0.00641022,-0.0966961
0.0134313,0.0760485
-0.0207085,-0.0600623
0.0281114,0.04839
-0.0354719,-0.0403808
0.0425233,0.0352895
-0.0500107,-0.0220739
0.0551226,0.0243227
-0.0590886,-0.0260734
0.0616027,0.0271744
-0.0624644,-0.0275552
0.0616022,0.0271755
-0.0590941,-0.026061
0.0551272,0.0243122
-0.0500199,-0.022053
0.0175172,0.0492468
0.00195759,-0.0612806
-0.0263418,0.0788101
0.0563641,-0.103126
-0.0926731,0.135363
0.135638,-0.176109
-0.18524,0.225468
0.240782,-0.282722
-0.300981,0.346235
0.363551,-0.413455
-0.425597,0.480791
0.485388,-0.543446
-0.534908,0.599026
0.573403,-0.642123
-0.597694,0.669478
0.606063,-0.678841
-0.597706,0.669467
0.573269,-0.642243
-0.534794,0.599128
0.485162,-0.543649
-0.450266,0.441834
0.400599,-0.355036
-0.354918,0.261218
0.317247,-0.162281
-0.290592,0.0595966
0.276777,0.0460392
-0.2765,-0.153927
0.289177,0.26315
-0.313114,-0.372332
0.345564,0.479136
-0.382822,-0.58039
0.403668,0.691473
-0.444993,-0.762064
0.477005,0.816903
-0.497372,-0.851561
0.504324,0.863481
-0.497357,-0.851569
0.477176,0.816803
-0.445139,-0.76198
0.403957,0.691305
-0.347306,-0.612064
0.292247,0.526635
-0.235501,-0.441459
0.179168,0.361081
-0.124951,-0.288799
0.0737649,0.226671
-0.0262101,-0.175628
-0.0175827,0.135544
0.0575093,-0.105616
-0.0935231,0.0843853
0.125439,-0.0701345
-0.167254,0.0365535
0.184341,-0.0402862
-0.197606,0.0431832
0.205998,-0.0450416
-0.208881,0.04567
0.205993,-0.0450631
-0.197597,0.0432245
0.184334,-0.0403214
-0.167243,0.0366029
0.149155,-0.0481146
-0.129019,0.0514067
0.109156,-0.0575945
-0.0906875,0.0675416
0.0744497,-0.0819714
-0.0609696,0.101257
0.050457,-0.125503
-0.0428792,0.154294
0.037975,-0.186772
-0.035269,0.221505
0.0342745,-0.256568
-0.0284166,0.288461
0.0313225,-0.31793
-0.0335794,0.340807
0.0349661,-0.355293
-0.0354586,0.360265
0.0349291,-0.355297
-0.0335083,0.340814
0.0312619,-0.317936
-0.0283316,0.28847
0.0222579,-0.255768
-0.0173269,0.220303
0.0119163,-0.185021
-0.00606871,0.151808
-0.000190224,-0.122074
0.00679619,0.0966701
-0.0137443,-0.075993
0.0209486,0.0599796
-0.0283051,-0.048278
0.0356339,0.0402396
-0.0426651,-0.0351204
0.0501026,0.0218689
-0.0552209,-0.0241036
0.0591941,0.0258384
-0.0617126,-0.0269295
0.0625759,0.0273068
-0.0617154,-0.026923
0.0591995,0.0258261
-0.0552255,-0.024093
0.0501091,0.0218541
-0.0177148,-0.0491773
-0.0017046,0.0612888
0.0260264,-0.078915
-0.0559518,0.103351
0.0921322,-0.135732
-0.134935,0.176648
0.184312,-0.226228
-0.239653,0.28368
0.299557,-0.34747
-0.3619,0.414901
0.423678,-0.482485
-0.483152,0.545437
0.532517,-0.601155
-0.570761,0.644475
0.595021,-0.671857
-0.603353,0.681253
0.594951,-0.671919
-0.570705,0.644525
0.532328,-0.601321
-0.482991,0.54558
0.448502,-0.443627
-0.399137,0.35668
0.353875,-0.262631
-0.316578,0.163584
0.290352,-0.0607555
-0.276959,-0.0449346
0.277131,0.152789
-0.290225,-0.261994
0.314642,0.371041
-0.347473,-0.477753
0.385135,0.578858
-0.406508,-0.689807
0.44803,0.760283
-0.48036,-0.814934
0.500765,0.849569
-0.507765,-0.861462
0.50075,0.849578
-0.480331,-0.814951
0.448175,0.760197
-0.406627,-0.689737
0.349745,0.610673
-0.294346,-0.525465
0.237206,0.440545
-0.180607,-0.360363
0.126067,0.288313
-0.0746686,-0.226375
0.0268891,0.175525
0.0170584,-0.135611
-0.0570875,0.105844
0.0931961,-0.0847467
-0.125159,0.0706349
0.167112,-0.0372007
-0.184184,0.0409994
0.197432,-0.0439719
-0.205822,0.0458386
0.208697,-0.0465037
-0.205818,0.0458601
0.197423,-0.0440131
-0.184171,0.0410571
0.167101,-0.0372499
-0.148962,0.0487097
0.128819,-0.0519057
-0.108926,0.0580298
0.0904171,-0.0679032
-0.0741318,0.082259
0.0605647,-0.1015
-0.0499706,0.125697
0.0422624,-0.154464
-0.0372285,0.186922
0.0344108,-0.22164
-0.0332492,0.256703
0.0272991,-0.288569
-0.030052,0.318053
0.0322175,-0.340938
-0.0335897,0.355426
0.0340189,-0.360403
-0.0335527,0.355429
0.0321464,-0.340945
-0.0299914,0.318059
0.027214,-0.288577
-0.0212359,0.255855
0.0164737,-0.220369
-0.0111772,0.185067
0.00546245,-0.151831
0.000662591,0.122072
-0.00718176,-0.0966418
0.0140377,0.0759387
-0.0211871,-0.0598949
0.0284966,0.0481639
-0.035788,-0.0401005
0.0428033,0.0349487
-0.050185,-0.0216737
0.0553146,0.0238816
-0.0592945,-0.0256005
0.061814,0.026689
-0.062682,-0.0270553
0.0618168,0.0266825
-0.0592999,-0.0255882
0.0553192,0.0238711
-0.0501914,-0.0216589
0.0179097,0.0491053
0.00146831,-0.0612942
-0.0257116,0.0790179
0.0555387,-0.103573
-0.0916055,0.136087
0.134227,-0.177186
-0.183433,0.22694
0.238515,-0.284636
-0.298206,0.348628
0.360287,-0.416301
-0.421743,0.484175
0.481031,-0.547305
-0.530105,0.603279
0.568255,-0.646682
-0.592409,0.674157
0.600621,-0.683659
-0.592338,0.674219
0.56812,-0.646801
-0.52999,0.60338
0.480803,-0.547506
-0.446722,0.445416
0.39775,-0.358224
-0.35282,0.264044
0.31594,-0.16481
-0.290107,0.0619156
0.277137,0.0438272
-0.277721,-0.151714
0.291271,0.260832
-0.31608,-0.369819
0.349382,0.47636
-0.387448,-0.577313
0.409181,0.688227
-0.451069,-0.758486
0.483519,0.813067
-0.504161,-0.847561
0.511209,0.859425
-0.504146,-0.84757
0.483688,0.812966
-0.451214,-0.7584
0.409468,0.688056
-0.352186,-0.60927
0.296446,0.524284
-0.239021,-0.439564
0.182047,0.359638
-0.127254,-0.287792
0.0755729,0.226075
-0.02759,-0.175417
-0.0165007,0.135681
0.0566656,-0.106073
-0.0928483,0.0851309
0.124878,-0.0711358
-0.166965,0.0378697
0.184017,-0.0417593
-0.197259,0.0447623
0.205636,-0.0466878
-0.208514,0.0473392
0.205637,-0.0466841
-0.197249,0.0448035
0.184009,-0.0417944
-0.166949,0.0379393
0.148769,-0.049306
-0.128613,0.0524213
0.108695,-0.0584656
-0.0901464,0.0682647
0.0737934,-0.0825641
-0.0601591,0.101742
0.0494681,-0.125896
-0.0416447,0.154632
0.0364807,-0.18707
-0.0334969,0.22178
0.032222,-0.256834
-0.0261444,0.288676
0.0287793,-0.31817
-0.0308531,0.341064
0.032124,-0.355561
-0.0325767,0.360536
0.0320869,-0.355564
-0.030782,0.34107
0.0287186,-0.318176
-0.026024,0.288687
0.0202122,-0.255938
-0.0155652,0.220434
0.010437,-0.18511
-0.00485544,0.151851
-0.00116522,-0.122068
0.00756744,0.0966118
-0.0143495,-0.0758796
0.0214104,0.0598142
-0.0286872,-0.0480487
0.0359459,0.039956
-0.042936,-0.0347813
0.0502657,0.0214776
-0.0554007,-0.0236723
0.059393,0.0253616
-0.0619166,-0.0264399
0.0627828,0.0268104
-0.0619162,-0.026441
0.0593921,0.0253637
-0.055411,-0.0236482
0.0502747,0.0214566
-0.0180975,-0.0490343
-0.00123265,0.0612984
0.0254162,-0.0791129
-0.0551251,0.103793
0.0910612,-0.136452
-0.133539,0.177704
0.182551,-0.227649
-0.237374,0.285587
0.296808,-0.349817
-0.358618,0.417737
0.41986,-0.485805
-0.478903,0.549165
0.527686,-0.605393
-0.565661,0.648948
0.589705,-0.67652
-0.597963,0.685981
0.589717,-0.676509
-0.565526,0.649066
0.52757,-0.605493
-0.478674,0.549365
0.444989,-0.447144
-0.396356,0.359763
0.35176,-0.265452
-0.315278,0.166072
0.289864,-0.0630393
-0.277304,-0.0427529
0.278308,0.150636
-0.292312,-0.259665
0.317557,0.368553
-0.351228,-0.475003
0.389685,0.575808
-0.411848,-0.686636
0.454101,0.756677
-0.486769,-0.811127
0.507446,0.8456
-0.514539,-0.857438
0.507431,0.845609
-0.486938,-0.811026
0.454245,0.75659
-0.412135,-0.686464
0.354547,0.607901
-0.298478,-0.523131
0.240778,0.438605
-0.183484,-0.358908
0.128369,0.287297
-0.0764485,-0.225781
0.028269,0.175309
0.0159593,-0.135747
-0.0562428,0.106299
0.0925199,-0.0854912
-0.124604,0.0716204
0.16682,-0.0385178
-0.183852,0.0424961
0.197082,-0.0455521
-0.205457,0.047486
0.208333,-0.0481487
-0.205458,0.0474824
0.197072,-0.0455932
-0.183844,0.0425312
0.166804,-0.0385874
-0.148579,0.0498833
0.128411,-0.0529203
-0.108462,0.0589005
0.0898743,-0.0686252
-0.0734739,0.08285
0.0597651,-0.101974
-0.0489801,0.126087
0.0410262,-0.154797
-0.0357324,0.187214
0.0326367,-0.221908
-0.0312257,0.256957
0.0250244,-0.288775
-0.027506,0.318282
0.0294883,-0.341184
-0.0307445,0.355682
0.031178,-0.360659
-0.0307509,0.355682
0.0294171,-0.34119
-0.0274453,0.318288
0.024904,-0.288785
-0.0192195,0.256014
0.0147372,-0.220491
-0.00969668,0.18515
0.00424834,-0.151869
0.00163802,0.122062
-0.00794122,-0.0965812
0.0146333,0.0758246
-0.0216626,-0.059722
0.0288773,0.0479327
-0.0361032,-0.0398109
0.0430722,0.0346081
-0.0503483,-0.0212751
0.0554974,0.0234355
-0.0594905,-0.0251223
0.0620183,0.0261904
-0.0628859,-0.0265575
0.0620178,0.0261915
-0.0594957,-0.0251099
0.0555019,0.0234249
-0.0503572,-0.0212541
0.018291,0.0489602
0.000989508,-0.0613017
-0.0250819,0.0792191
0.0547107,-0.104012
-0.0905154,0.136814
0.132828,-0.178236
-0.181639,0.228377
0.23623,-0.286533
-0.295405,0.351
0.356943,-0.419167
-0.417912,0.48748
0.476701,-0.551075
-0.525258,0.607497
0.563058,-0.651204
-0.586991,0.678872
0.595211,-0.688366
-0.587003,0.678861
0.562923,-0.651322
-0.525142,0.607597
0.476471,-0.551274
-0.443196,0.448919
0.394912,-0.361344
-0.350694,0.266856
0.31461,-0.16733
-0.289609,0.0641974
0.277473,0.0416441
-0.278945,-0.149455
0.293349,0.258495
-0.31903,-0.367281
0.353126,0.473595
-0.391986,-0.574245
0.414761,0.684883
-0.457126,-0.754855
0.490011,0.809175
-0.510827,-0.843565
0.517967,0.855374
-0.511017,-0.84345
0.49018,0.809073
-0.45727,-0.754768
0.414879,0.684812
-0.356977,-0.606479
0.300696,0.521861
-0.242531,-0.437639
0.184919,0.358172
-0.129517,-0.286782
0.0773505,0.225474
-0.0290118,-0.175189
-0.0154176,0.13581
0.055819,-0.106524
-0.0921796,0.0858613
0.124319,-0.0721192
-0.166658,0.0392264
0.183685,-0.0432322
-0.196902,0.0463412
0.20527,-0.0483086
-0.208143,0.0489828
0.205259,-0.0483551
-0.196892,0.0463822
0.183676,-0.0432672
-0.166652,0.0392552
0.148381,-0.0504781
-0.128188,0.0534655
0.108228,-0.0593344
-0.0896007,0.0689846
0.0731432,-0.0831435
-0.0593576,0.102213
0.0484452,-0.126294
-0.0404071,0.15496
0.0349834,-0.187355
-0.0317488,0.222036
0.0301976,-0.257079
-0.0237983,0.288878
0.0262324,-0.318389
-0.028123,0.341299
0.0293212,-0.355802
-0.0297347,0.36078
0.0292407,-0.355809
-0.0280518,0.341305
0.0261716,-0.318394
-0.0237483,0.288882
0.0181952,-0.256088
-0.0138013,0.220551
0.00895616,-0.185186
-0.00364117,0.151884
-0.00212568,-0.122054
0.00832665,0.0965481
-0.0149538,-0.0757612
0.0218999,0.0596342
-0.029067,-0.0478159
0.03626,0.0396652
-0.0432077,-0.0344344
0.0504352,0.0210599
-0.0555875,-0.0232119
0.059587,0.0248826
-0.0621189,-0.0259406
0.0629879,0.0263041
-0.0621248,-0.0259265
0.0595922,0.0248702
-0.0555919,-0.0232013
0.0504388,0.0210512
-0.0184842,-0.0488855
-0.00073139,0.0613043
0.0247664,-0.0793178
-0.0542954,0.104229
0.0899681,-0.137174
-0.132114,0.178765
0.180668,-0.229145
-0.235081,0.287475
0.293998,-0.352178
-0.355262,0.420591
0.415957,-0.489146
-0.474355,0.553092
0.522821,-0.609592
-0.560447,0.65345
0.584269,-0.681213
-0.592451,0.69074
0.584114,-0.681345
-0.56031,0.653567
0.522705,-0.609691
-0.47426,0.553174
0.441395,-0.450687
-0.393374,0.363016
0.349623,-0.268255
-0.313938,0.168587
0.289349,-0.0653546
-0.277637,-0.0405346
0.279541,0.148338
-0.294381,-0.25732
0.320497,0.366002
-0.355018,-0.47218
0.394282,0.572674
-0.417498,-0.68322
0.460143,0.753022
-0.493246,-0.80721
0.514199,0.841517
-0.521386,-0.853297
0.514389,0.8414
-0.493414,-0.807107
0.460287,0.752934
-0.417616,-0.683148
0.359402,0.605047
-0.302782,-0.520655
0.24428,0.436667
-0.18635,-0.35743
0.130663,0.286262
-0.0783062,-0.225145
0.0297114,0.175072
0.0148757,-0.135872
-0.0553944,0.106747
0.0918378,-0.0862302
-0.124015,0.072647
0.166503,-0.0398937
-0.183514,0.0439676
0.196719,-0.0471296
-0.205079,0.0491305
0.207937,-0.0498669
-0.205068,0.0491769
0.196709,-0.0471706
-0.183506,0.0440026
0.166497,-0.0399225
-0.148169,0.0511082
0.127975,-0.0539785
-0.107991,0.0597674
0.0893257,-0.0693428
-0.0728113,0.0834357
0.0589242,-0.102464
-0.0479403,0.126487
0.0397874,-0.15512
-0.0342339,0.187494
0.0308605,-0.222161
-0.0291062,0.257205
0.0226423,-0.28897
-0.0249583,0.318491
0.0267572,-0.341408
-0.0278974,0.355916
0.0282029,-0.360903
-0.0278168,0.355922
0.026686,-0.341414
-0.0248975,0.318496
0.0225923,-0.288974
-0.0171081,0.256163
0.012919,-0.220604
-0.00821552,0.18522
0.00303395,-0.151897
0.00261332,0.122044
-0.00873551,-0.0965114
0.0152556,0.0757002
-0.0221368,-0.0595454
0.0292562,0.0476984
-0.0364161,-0.0395188
0.0433509,0.0342496
-0.0505161,-0.0208567
0.0556766,0.0229879
-0.0596826,-0.0246426
0.0622186,0.0256903
-0.0630953,-0.026035
0.0622244,0.0256762
-0.0596877,-0.0246301
0.055681,0.0229773
-0.0505197,-0.020848
0.0186891,0.0488054
0.000488233,-0.0613056
-0.0244506,0.0794153
0.0538792,-0.104445
-0.0894194,0.137532
0.131355,-0.179324
-0.17975,0.229865
0.233929,-0.288412
-0.292586,0.35335
0.353575,-0.422007
-0.413876,0.490906
0.472137,-0.554984
-0.520377,0.611677
0.557826,-0.655685
-0.581537,0.683542
0.589511,-0.693246
-0.581382,0.683674
0.557689,-0.655801
-0.52026,0.611776
0.472041,-0.555065
-0.439476,0.452555
0.391917,-0.364585
-0.348546,0.269651
0.31326,-0.16984
-0.289085,0.0665106
0.277807,0.0393567
-0.280132,-0.14722
0.295409,0.256141
-0.321959,-0.364718
0.356905,0.470757
-0.39671,-0.570997
0.420229,0.681545
-0.463154,-0.751177
0.496473,0.805232
-0.517563,-0.839454
0.525005,0.851078
-0.517548,-0.839464
0.496444,0.805249
-0.46293,-0.751315
0.419848,0.68178
-0.361378,-0.603871
0.304229,0.519812
-0.245494,-0.435987
0.187256,0.356957
-0.131388,-0.28593
0.0787669,0.224984
-0.0300267,-0.175018
-0.0146312,0.135898
0.0552287,-0.106833
-0.0917042,0.086373
0.123938,-0.0727794
-0.166462,0.0400714
0.183479,-0.0441187
-0.196693,0.0472435
0.205052,-0.0492493
-0.207934,0.0498858
0.205065,-0.0491956
-0.196718,0.0471404
0.183514,-0.0439745
-0.166514,0.0398563
0.148203,-0.0510131
-0.128024,0.0538651
0.10806,-0.0596453
-0.0894048,0.0692419
0.0729266,-0.0833356
-0.0590905,0.102368
0.0481763,-0.126397
-0.0400767,0.155046
0.0346293,-0.187421
-0.0313831,0.222088
0.029774,-0.257128
-0.023463,0.288905
0.0258629,-0.318419
-0.0278102,0.341324
0.0289952,-0.355828
-0.0294922,0.3608
0.0291753,-0.355813
-0.027989,0.341309
0.0261909,-0.318392
-0.0237658,0.28888
0.0182734,-0.256082
-0.0139226,0.220543
0.00910345,-0.185179
-0.00376226,0.151881
-0.00199818,-0.122056
0.0082017,0.096558
-0.0148366,-0.0757831
0.0217923,0.0596719
-0.0289798,-0.0478661
0.0361769,0.0397368
-0.0431347,-0.0345198
0.0503783,0.0211843
-0.055519,-0.0233626
0.0595137,0.0250441
-0.0620361,-0.0261241
0.0629039,0.0264902
-0.0620292,-0.0261403
0.0595005,0.0250753
-0.0555007,-0.0234062
0.0503509,0.0212494
-0.0182867,-0.0489568
-0.0010074,0.0612989
0.0251218,-0.0792053
-0.0547863,0.103972
0.0906129,-0.136749
-0.132997,0.178109
0.181854,-0.228203
-0.236639,0.286192
0.295991,-0.350502
-0.357642,0.418566
0.418844,-0.486673
-0.477754,0.550155
0.526715,-0.606226
-0.56462,0.649842
0.588785,-0.677308
-0.597197,0.686634
0.588962,-0.677154
-0.565119,0.649408
0.527191,-0.605812
-0.478464,0.549538
0.444818,-0.447304
-0.396306,0.359809
0.351852,-0.265321
-0.315335,0.165954
0.2899,-0.0628607
-0.277278,-0.0429237
0.27818,0.150876
-0.292029,-0.259988
0.317066,0.368981
-0.350595,-0.475476
0.388777,0.576428
-0.410598,-0.687392
0.452539,0.75762
-0.484895,-0.812257
0.505493,0.846778
-0.512349,-0.858757
0.505271,0.84691
-0.48447,-0.812511
0.451758,0.758086
-0.409878,-0.687821
0.352399,0.609155
-0.296629,-0.524187
0.239013,0.439574
-0.182039,-0.359646
0.127141,0.287844
-0.0754269,-0.226126
0.0274743,0.175437
0.0166428,-0.135668
-0.0567801,0.106019
0.0929751,-0.0850073
-0.124987,0.0709688
0.16704,-0.0376046
-0.184105,0.0414446
0.197364,-0.0443768
-0.205763,0.0462105
0.208642,-0.0468553
-0.205775,0.0461566
0.197387,-0.0442734
-0.184148,0.041255
0.167079,-0.0374295
-0.148944,0.0488151
0.12881,-0.0519653
-0.108918,0.0580668
0.0904213,-0.0679116
-0.074133,0.0822656
0.0605999,-0.101483
-0.0500115,0.125683
0.0423671,-0.154436
-0.0373992,0.186888
0.0346121,-0.221608
-0.0335757,0.256659
0.027665,-0.288532
-0.0305718,0.318001
0.0327746,-0.340883
-0.0342573,0.35536
0.0347399,-0.360332
-0.0343504,0.355351
0.0330364,-0.340857
-0.0308217,0.317977
0.0280378,-0.288496
-0.0219984,0.255789
0.0171847,-0.220312
-0.0117978,0.185026
0.00600977,-0.151808
0.000191189,0.122072
-0.00679469,-0.0966667
0.0137124,0.0759938
-0.02092,-0.059982
0.0282664,0.0482889
-0.0355926,-0.0402581
0.0426166,0.0351532
-0.0500563,-0.0219262
0.0551699,0.0241667
-0.0591331,-0.0259205
0.0616457,0.0270226
-0.0625014,-0.0274165
0.0616386,0.0270387
-0.0591195,-0.0259515
0.0551509,0.02421
-0.0500333,-0.0219786
0.0175578,0.0492208
0.00190149,-0.0612766
-0.0262928,0.0788239
0.0562948,-0.103162
-0.0926273,0.135392
0.135575,-0.176154
-0.185211,0.225486
0.240847,-0.282658
-0.30106,0.346156
0.363796,-0.413226
-0.425881,0.480524
0.485841,-0.543024
-0.53548,0.598495
0.574172,-0.641414
-0.598741,0.668519
0.607125,-0.677868
-0.598916,0.668362
0.574508,-0.641113
-0.536096,0.597943
0.486409,-0.542514
-0.451387,0.440671
0.401499,-0.354002
-0.355676,0.260171
0.317756,-0.161269
-0.290784,0.058634
0.276612,0.047023
-0.275955,-0.154909
0.288151,0.264282
-0.311663,-0.373557
0.343521,0.480613
-0.380206,-0.582119
0.400552,0.693296
-0.441279,-0.764235
0.473024,0.819229
-0.492909,-0.854167
0.499799,0.866124
-0.492685,-0.854296
0.472395,0.819592
-0.440678,-0.764581
0.399656,0.693813
-0.343497,-0.61422
0.28884,0.52852
-0.23259,-0.443006
0.176697,0.362301
-0.122867,-0.289695
0.0721273,0.227201
-0.0248741,-0.175825
-0.0186171,0.135412
0.0583448,-0.105168
-0.0942049,0.0836459
0.126027,-0.0691122
-0.167573,0.0351703
0.184702,-0.0387166
-0.198003,0.0414523
0.206417,-0.043212
-0.209317,0.0437637
0.206429,-0.043158
-0.198025,0.0413486
0.184733,-0.0385714
-0.167618,0.0349538
0.149653,-0.0466064
-0.129555,0.0500858
0.109768,-0.0564492
-0.0914018,0.0665888
0.0753435,-0.0811599
-0.0620714,0.10059
0.0518665,-0.124929
-0.0446482,0.153792
0.0401155,-0.186324
-0.0378878,0.221071
0.0373075,-0.256143
-0.0319315,0.288091
0.0351964,-0.317522
-0.0378151,0.34036
0.0394252,-0.354823
-0.040068,0.359778
0.0396048,-0.354803
-0.0379934,0.34034
0.0355235,-0.317486
-0.0322333,0.288057
0.0257811,-0.255435
-0.0203894,0.220038
0.0145347,-0.184831
-0.00825594,0.151702
0.00158603,-0.122061
0.00536264,0.0967561
-0.0126038,-0.0761846
0.0200287,0.0602843
-0.0275589,-0.0486942
0.0349908,0.0407793
-0.0420891,-0.0357787
0.049729,0.022651
-0.054803,-0.0249789
0.0587461,0.0267768
-0.0612355,-0.0279301
0.0620921,0.0283215
-0.0612282,-0.0279462
0.0587321,0.0268076
-0.0547834,-0.025022
0.0496997,0.0227152
-0.0168371,-0.0494698
-0.00281009,0.0612406
0.0274388,-0.0784318
-0.0578164,0.102317
0.0945887,-0.134029
-0.138167,0.174127
0.188527,-0.22272
-0.244935,0.279122
0.306149,-0.341662
-0.36977,0.407887
0.432944,-0.474168
-0.49369,0.535894
0.544275,-0.590504
-0.583599,0.632845
0.608404,-0.659733
-0.617087,0.668808
0.608577,-0.659573
-0.58393,0.63254
0.544739,-0.590076
-0.494382,0.535256
0.457751,-0.434054
-0.406692,0.34802
0.359486,-0.254878
-0.320068,0.156626
0.291619,-0.0543237
-0.275898,-0.0510447
0.273632,0.158977
-0.284274,-0.268448
0.306101,0.378129
-0.336372,-0.485645
0.371694,0.587592
-0.39025,-0.699148
0.430111,0.770578
-0.460851,-0.826141
0.480427,0.861252
-0.486928,-0.873427
0.479991,0.861495
-0.460418,-0.826382
0.429317,0.77102
-0.389688,-0.699462
0.334674,0.619074
-0.281119,-0.532669
0.226119,0.446346
-0.171495,-0.364794
0.118637,0.291453
-0.0688124,-0.228227
0.0223544,0.176164
0.0205544,-0.135132
-0.0598712,0.104308
0.0954147,-0.0822667
-0.127006,0.0673025
0.168063,-0.0327696
-0.18525,0.0360252
0.19858,-0.0386156
-0.207019,0.0402547
0.209936,-0.0407137
-0.207039,0.04015
0.1986,-0.0385116
-0.185269,0.0359249
0.168113,-0.0325113
-0.150308,0.0444608
0.130261,-0.0482273
-0.11058,0.0548461
0.0923629,-0.0652518
-0.0764985,0.0800736
0.0635055,-0.0996919
-0.0536799,0.124161
0.0468448,-0.153137
-0.0427779,0.185731
0.0411013,-0.220496
-0.0410314,0.255573
0.0360505,-0.287604
-0.0397363,0.316986
0.0427644,-0.339773
-0.0445849,0.354211
0.0452119,-0.359167
-0.0447641,0.354189
0.0429424,-0.339751
-0.0400628,0.316945
0.0363519,-0.287566
-0.0294959,0.255032
0.0235897,-0.219718
-0.0171783,0.184604
0.0104633,-0.151565
-0.00336292,0.122025
-0.0039767,-0.0968224
0.0115112,0.0763566
-0.0191477,-0.0605686
0.0268454,0.0490892
-0.0344015,-0.0412747
0.0415614,0.0363862
-0.0493912,-0.0233709
0.0544368,0.025759
-0.0583535,-0.027613
0.0608189,0.0288167
-0.0616697,-0.0292205
0.0608184,0.0288178
-0.0583391,-0.0276436
0.0544102,0.0258151
-0.0493667,-0.0234227
0.016125,0.0497044
0.00370311,-0.0611921
-0.028579,0.0780231
0.0592758,-0.101478
-0.0964976,0.132661
0.140687,-0.172097
-0.191695,0.219998
0.248904,-0.275587
-0.311088,0.337169
0.375666,-0.402461
-0.439683,0.467923
0.501306,-0.528773
-0.55281,0.582518
0.592593,-0.624428
-0.61778,0.650957
0.626753,-0.659755
-0.61811,0.650644
0.59292,-0.624117
-0.553125,0.582219
0.502118,-0.528002
-0.464018,0.427345
0.41163,-0.342164
-0.363156,0.249618
0.322313,-0.151951
-0.292367,0.0501443
0.275139,0.0549883
-0.27129,-0.162943
0.280337,0.272558
-0.30066,-0.382472
0.329269,0.49049
-0.363104,-0.59294
0.380207,0.704663
-0.419042,-0.776655
0.44878,0.832762
-0.467843,-0.868154
0.474382,0.880307
-0.467404,-0.868391
0.448344,0.832997
-0.418242,-0.777086
0.379468,0.705061
-0.325325,-0.624039
0.273337,0.536705
-0.219599,-0.44959
0.165988,0.367333
-0.114383,-0.29315
0.0654828,0.229205
-0.0197871,-0.176471
-0.0225862,0.134808
0.0613849,-0.103426
-0.0966043,0.08087
0.127975,-0.0654476
-0.16854,0.0302385
0.185758,-0.0333261
-0.199125,0.0357223
0.207605,-0.037137
-0.21051,0.0376548
0.207606,-0.0371333
-0.199143,0.0356179
0.185793,-0.0331347
-0.168571,0.0300619
0.150942,-0.0422691
-0.130974,0.0462629
0.111368,-0.0532313
-0.0933045,0.063901
0.0776571,-0.078952
-0.0649988,0.0987255
0.055482,-0.123367
-0.0490691,0.152439
0.0455671,-0.185066
-0.0443062,0.219874
0.0447466,-0.254948
-0.0402322,0.287049
0.0444997,-0.316352
-0.0477047,0.339114
0.049735,-0.353524
-0.0506092,0.358446
0.0499139,-0.353499
-0.0478823,0.339089
0.044671,-0.316328
-0.0406731,0.286987
0.0332044,-0.254575
-0.026785,0.219351
0.0199534,-0.184324
-0.0126684,0.151397
0.00513906,-0.121962
0.00256632,0.0968694
-0.0103603,-0.0765204
0.0182628,0.06084
-0.0261264,-0.0494738
0.0337746,0.0417864
-0.041025,-0.036986
0.049043,0.0240859
-0.054053,-0.026547
0.0579282,0.0284859
-0.0603896,-0.029697
0.0612344,0.0301131
-0.0603891,-0.0296981
0.0579133,0.0285163
-0.0540256,-0.0266026
0.0490177,0.0241372
-0.0153731,-0.0499399
-0.00459531,0.0611305
0.0297131,-0.0775978
-0.0607476,0.100604
0.0984829,-0.131193
-0.143177,0.17003
0.194876,-0.217184
-0.25302,0.271811
0.315961,-0.332605
-0.381482,0.396949
0.446445,-0.461473
-0.509201,0.521171
0.561227,-0.574409
-0.601615,0.615736
0.6275,-0.641589
-0.636286,0.650561
0.627511,-0.641578
-0.601938,0.61542
0.561818,-0.573831
-0.509747,0.520637
0.470187,-0.420545
-0.416728,0.335932
0.366749,-0.244306
-0.32449,0.147243
0.293065,-0.0458831
-0.274281,-0.0591216
0.26889,0.166875
-0.276341,-0.27661
0.294873,0.386952
-0.322097,-0.495231
0.354437,0.598163
-0.369912,-0.710123
0.407313,0.782872
-0.436614,-0.839207
0.45516,0.874873
-0.461088,-0.887345
0.454717,0.875103
-0.436174,-0.839436
0.406889,0.783092
-0.368821,-0.71069
0.316209,0.628709
-0.265498,-0.540627
0.213033,0.452739
-0.160625,-0.36971
0.110104,0.294784
-0.0621394,-0.230134
0.0171293,0.176749
0.0245473,-0.134466
-0.0628856,0.102523
0.0977735,-0.079456
-0.128948,0.0635159
0.168965,-0.0277831
-0.186227,0.0306197
0.199644,-0.0327237
-0.208128,0.0341125
0.21104,-0.0345879
-0.208128,0.0341088
0.199661,-0.0326191
-0.186259,0.0304279
0.168994,-0.027606
-0.151564,0.0399944
0.131636,-0.0443523
-0.112134,0.0516052
0.0942263,-0.0625366
-0.0788372,0.0777751
0.0664297,-0.0977691
-0.0572722,0.122546
0.051357,-0.151683
-0.0482559,0.184383
0.0475016,-0.219206
-0.0484523,0.25427
0.0445452,-0.286411
-0.0490988,0.31567
0.0526347,-0.338384
-0.0550468,0.352736
0.0558203,-0.357671
-0.0550531,0.352735
0.052812,-0.338356
-0.0494239,0.315619
0.0448453,-0.286364
-0.0369059,0.254065
0.0300815,-0.218923
-0.0226341,0.184014
0.0148708,-0.151196
-0.0069141,0.121874
-0.0011081,-0.0968965
0.00924441,0.0766624
-0.017374,-0.0610986
0.0254018,0.0498478
-0.0331607,-0.0422724
0.0404798,0.0375778
-0.0486844,-0.0247956
0.0536444,0.0273554
-0.0575041,-0.0293243
0.0599475,0.0305709
-0.060786,-0.0309992
0.059932,0.0306013
-0.0574888,-0.0293544
0.0536296,0.0273845
-0.0486462,-0.0248703
0.0146423,0.050157
0.0054865,-0.0610559
-0.0308408,0.0771561
0.0622551,-0.0996778
-0.100383,0.129745
0.145637,-0.167928
-0.198121,0.214227
0.256949,-0.268099
-0.320768,0.32797
0.387218,-0.391354
-0.453334,0.454704
0.516731,-0.513704
-0.569525,0.566179
0.610807,-0.606615
-0.636769,0.632387
0.645685,-0.64123
-0.63678,0.632376
0.611125,-0.606295
-0.570108,0.565592
0.517269,-0.513162
-0.476458,0.413423
0.421572,-0.329831
-0.370265,0.238941
0.326598,-0.142503
-0.293721,0.0414687
0.273391,0.063108
-0.266433,-0.170772
0.272149,0.280737
-0.289211,-0.391204
0.314856,0.499868
-0.345695,-0.60326
0.35919,0.715608
-0.395878,-0.788718
0.424355,0.845474
-0.44238,-0.881406
0.448126,0.893963
-0.441934,-0.88163
0.423912,0.845696
-0.395065,-0.789126
0.35844,0.715984
-0.307026,-0.633246
0.257602,0.544435
-0.206199,-0.455894
0.155227,0.37201
-0.105802,-0.296356
0.05867,0.231043
-0.014554,-0.176981
-0.0265033,0.134095
0.0643731,-0.101597
-0.0989601,0.0779769
0.129861,-0.0616331
-0.169355,0.0253217
0.186671,-0.0278157
-0.200103,0.0298154
0.208606,-0.0310806
-0.211526,0.0315136
0.208622,-0.030975
-0.200118,0.0297106
0.186686,-0.0277146
-0.169394,0.0250615
0.152133,-0.0377848
-0.13227,0.0424322
0.112875,-0.0499681
-0.095158,0.0611124
0.0799621,-0.0766197
-0.0678466,0.0967921
0.0591098,-0.121671
-0.0535596,0.15092
0.0509345,-0.183661
-0.050687,0.218491
0.0522716,-0.253512
-0.0487087,0.285732
0.0536876,-0.314922
-0.0577185,0.337553
0.0601744,-0.351897
-0.0610196,0.356821
0.0601806,-0.351896
-0.0578954,0.337523
0.0540119,-0.314866
-0.0490081,0.285681
0.0405996,-0.2535
-0.0332646,0.218462
0.02531,-0.183665
-0.0170701,0.150963
0.00874713,-0.121756
-0.000303052,0.0969018
-0.00812661,-0.0767881
0.0164815,0.0613441
-0.0246474,-0.0502233
0.0325399,0.0427493
-0.0399262,-0.0381616
0.0483031,0.0255236
-0.0532375,-0.0281315
0.0570679,0.0301562
-0.0594927,-0.0314383
0.0603094,0.0319082
-0.0594768,-0.0314684
0.0570521,0.0301861
-0.0532085,-0.0281864
0.0482763,0.0255742
-0.0139084,-0.0503634
-0.00637648,0.0609683
0.0319995,-0.0766823
-0.0637003,0.0987602
0.102261,-0.128269
-0.148147,0.165717
0.201218,-0.21132
-0.260823,0.26433
0.325506,-0.323266
-0.393059,0.385484
0.459902,-0.448057
-0.52415,0.506128
0.577975,-0.557547
-0.619568,0.597659
0.645902,-0.623051
-0.654946,0.631764
0.646218,-0.622724
-0.619881,0.597335
0.578277,-0.557234
-0.524927,0.505322
0.482423,-0.406444
-0.426326,0.323659
0.373702,-0.233526
-0.328703,0.137574
0.294293,-0.0371887
-0.272443,-0.0670811
0.263919,0.174632
-0.268035,-0.284669
0.283487,0.395372
-0.307548,-0.504398
0.336583,0.608393
-0.348738,-0.720761
0.384358,0.794398
-0.412007,-0.851562
0.429074,0.887963
-0.43507,-0.900392
0.429058,0.88797
-0.411145,-0.851979
0.38354,0.794793
-0.347983,-0.721126
0.297778,0.637648
-0.249384,-0.548249
0.199542,0.458847
-0.149796,-0.37423
0.101332,0.297915
-0.0553005,-0.231873
0.0119756,0.177174
0.0284536,-0.133695
-0.065896,0.100618
0.100087,-0.0765289
-0.130747,0.0597371
0.16972,-0.0227719
-0.187059,0.0250966
0.200519,-0.0269006
-0.209041,0.0280419
0.21198,-0.0283289
-0.209055,0.0279361
0.200533,-0.0267956
-0.187085,0.0249039
0.169744,-0.022594
-0.152669,0.0355672
0.132876,-0.0405031
-0.113616,0.0482649
0.0960391,-0.0597212
-0.0810701,0.0754479
0.0692959,-0.0957606
-0.060875,0.120797
0.0557508,-0.150124
-0.0536024,0.1829
0.0539679,-0.217704
-0.0559556,0.252724
0.0528618,-0.284992
-0.058265,0.314107
0.0626248,-0.336677
-0.0652892,0.350983
0.0662059,-0.355894
-0.0654668,0.35095
0.0628012,-0.336644
-0.0585885,0.314047
0.0531604,-0.284937
-0.0444081,0.252861
0.0364406,-0.217954
-0.0279805,0.183276
0.0193393,-0.150689
-0.0105188,0.121615
0.00171411,-0.0968865
0.00700711,0.0768976
-0.0155555,-0.0615842
0.0239121,0.0505756
-0.0319121,-0.0432172
0.0393451,0.0387564
-0.0479237,-0.0262223
0.0528194,0.0289016
-0.0566197,-0.0309818
0.0590096,0.0323277
-0.0598351,-0.0327806
0.0590091,0.0323287
-0.0565883,-0.0310391
0.0527896,0.028956
-0.0478962,-0.0262725
0.0131716,0.050559
0.00729481,-0.0608642
-0.0331136,0.0762073
0.065132,-0.0978216
-0.104179,0.126716
0.150543,-0.163542
-0.204272,0.208369
0.264642,-0.260505
-0.330331,0.318332
0.398627,-0.379722
-0.466373,0.441315
0.531702,-0.498185
-0.586026,0.549074
0.628199,-0.588577
-0.654899,0.613583
0.664373,-0.621839
-0.65521,0.613251
0.628507,-0.588248
-0.586323,0.548757
0.532224,-0.497627
-0.488285,0.399379
0.43099,-0.317419
-0.377171,0.227877
0.33067,-0.132774
-0.294803,0.0329008
0.271438,0.0710399
-0.261262,-0.178583
0.263864,0.28854
-0.277703,-0.399457
0.299927,0.508969
-0.327693,-0.613228
0.338212,0.725762
-0.372757,-0.799909
0.399152,0.857665
-0.416106,-0.894115
0.421921,0.90663
-0.415654,-0.894325
0.398703,0.857874
-0.371933,-0.800293
0.337452,0.726116
-0.288154,-0.642057
0.241379,0.551822
-0.192844,-0.461704
0.14415,0.376442
-0.0969848,-0.299358
0.0519193,0.232654
-0.00939471,-0.17733
-0.030463,0.133253
0.0673554,-0.0996486
-0.101193,0.0750647
0.131634,-0.0577642
-0.170037,0.0202999
0.187409,-0.0223721
-0.200894,0.0239801
0.209443,-0.024895
-0.212374,0.0252414
0.209443,-0.0248912
-0.200918,0.0237767
0.187432,-0.022179
-0.170058,0.0201217
0.153174,-0.0333419
-0.133473,0.0385001
0.114308,-0.0466065
-0.0968998,0.0583173
0.0821971,-0.0742201
-0.0706832,0.094742
0.0626273,-0.119899
-0.0579302,0.149297
0.0563478,-0.182073
-0.0571307,0.216895
0.0596278,-0.251883
-0.0570037,0.284192
0.062983,-0.313194
-0.0675179,0.33573
0.0703901,-0.349996
-0.0715516,0.354858
0.0705673,-0.34996
-0.0676938,0.335694
0.0631526,-0.31316
-0.0574402,0.284105
0.0480835,-0.252187
-0.0396088,0.2174
0.0307344,-0.182834
-0.0215307,0.150391
0.0122882,-0.121449
-0.0031248,0.0968507
-0.00584854,-0.0769935
0.0146562,0.0618032
-0.0231717,-0.0509172
0.0312564,0.0436911
-0.0387745,-0.0393235
0.0475342,0.0269154
-0.0523901,-0.0296655
0.056144,0.031828
-0.0585295,-0.0331811
0.0593482,0.0336459
-0.0585127,-0.0332107
0.0561273,0.0318574
-0.0523595,-0.0297195
0.047506,0.0269652
-0.0124072,-0.0507499
-0.00818177,0.0607502
0.0342208,-0.0757161
-0.0665972,0.0968298
0.106013,-0.125185
-0.152908,0.161333
0.207283,-0.205373
-0.26853,0.256494
0.334928,-0.313489
-0.404109,0.373879
0.472957,-0.434248
-0.538894,0.490392
0.593953,-0.540486
-0.636696,0.579371
0.664052,-0.603661
-0.67335,0.612102
0.664063,-0.603649
-0.636999,0.579037
0.594509,-0.539874
-0.539408,0.489828
0.494044,-0.392229
-0.435715,0.310899
0.380447,-0.222363
-0.332566,0.127947
0.29525,-0.0286059
-0.270338,-0.0751157
0.258635,0.182367
-0.259637,-0.292351
0.271664,0.403591
-0.292488,-0.513281
0.318735,0.617934
-0.327615,-0.730609
0.360684,0.805427
-0.386629,-0.863385
0.403051,0.900078
-0.408237,-0.912876
0.402595,0.900282
-0.386177,-0.863588
0.360248,0.805623
-0.326492,-0.731111
0.27878,0.646184
-0.233323,-0.555278
0.185877,0.464553
-0.138656,-0.378501
0.0926174,0.300739
-0.0485271,-0.233386
0.00672509,0.177452
0.0324006,-0.132796
-0.0688006,0.0986582
0.102313,-0.0735345
-0.132464,0.0558428
0.170318,-0.0178235
-0.187718,0.0196427
0.201236,-0.020956
-0.209787,0.0218447
0.212723,-0.0221485
-0.209798,0.0217385
0.201247,-0.0208506
-0.187738,0.0194493
0.170337,-0.017645
-0.153661,0.0310345
0.134022,-0.0365538
-0.114977,0.0449382
0.09774,-0.0569011
-0.08327,0.073016
0.0720556,-0.0937033
-0.0643664,0.118974
0.0601699,-0.148409
-0.0589919,0.181234
0.0602814,-0.216041
-0.0632873,0.250988
0.0612718,-0.283302
-0.0675342,0.312244
0.0723966,-0.334711
-0.0756465,0.348897
0.0767082,-0.353778
-0.0756527,0.348896
0.0725719,-0.334673
-0.0678558,0.312174
0.0615687,-0.283238
-0.0517486,0.25146
0.0428745,-0.216779
-0.0333923,0.182367
0.0237175,-0.150061
-0.014055,0.121256
0.00458205,-0.0967922
0.00472632,0.0770698
-0.0137538,-0.0620091
0.0224015,0.051259
-0.0306151,-0.0441401
0.0381957,0.0398822
-0.0471347,-0.0276027
0.0519349,0.0304484
-0.0556716,-0.0326398
0.058037,0.0340274
-0.058832,-0.0345328
0.0580198,0.0340567
-0.0556545,-0.032669
0.0519184,0.0304766
-0.0470923,-0.0276751
0.011665,0.0509236
0.00906697,-0.0606234
-0.0353573,0.0751916
0.0680004,-0.0958492
-0.107825,0.123628
0.15524,-0.15909
-0.210348,0.202231
0.272234,-0.252558
-0.339454,0.308581
0.409507,-0.367957
-0.479225,0.427318
0.545972,-0.482496
-0.601754,0.531783
0.645336,-0.569727
-0.672765,0.593931
0.682184,-0.602236
-0.672776,0.593919
0.645635,-0.569388
-0.602301,0.531163
0.546478,-0.481924
0,-0
0,0
0,-0
0,0
0,-0
0,0
0,-0
0,0
0,-0
0,0
0,-0
0,0
0,-0
0,0
0,-0
