_name=Carrier
_uid=0
_timeDuration_sec=1
_numSamplePts=2000
_samplingFreq_Hz=2000
_isComplex=1
_carrierFreq_Hz =1000
# xR, xI
0.866025,0.5
-0.866025,-0.5
0.866025,0.5
-0.866025,-0.5
0.866025,0.500001
-0.866025,-0.500001
0.866024,0.500002
-0.866023,-0.500004
0.866024,0.500003
-0.866024,-0.500002
0.866023,0.500004
-0.866025,-0.500001
0.866024,0.500002
-0.866023,-0.500004
0.866023,0.500005
-0.866022,-0.500006
0.866023,0.500004
-0.866023,-0.500005
0.866024,0.500003
-0.866023,-0.500004
0.866023,0.500005
-0.866024,-0.500003
0.866023,0.500004
-0.866023,-0.500005
0.866022,0.500006
-0.866021,-0.500007
0.866021,0.500008
-0.86602,-0.500009
0.866019,0.50001
-0.866019,-0.500011
0.866018,0.500013
-0.866018,-0.500014
0.866021,0.500008
-0.866024,-0.500003
0.866027,0.499997
-0.86603,-0.499992
0.866033,0.499986
-0.866033,-0.499987
0.866036,0.499982
-0.866039,-0.499976
0.866042,0.499971
-0.866038,-0.499978
0.866041,0.499973
-0.866044,-0.499967
0.866047,0.499962
-0.866051,-0.499956
0.866054,0.499951
-0.866057,-0.499945
0.86606,0.49994
-0.866063,-0.499934
0.866066,0.499929
-0.86607,-0.499923
0.866073,0.499918
-0.866076,-0.499912
0.866071,0.49992
-0.866075,-0.499915
0.866078,0.499909
-0.866081,-0.499904
0.866084,0.499898
-0.866087,-0.499893
0.866091,0.499887
-0.866094,-0.499882
0.866097,0.499876
-0.8661,-0.499871
0.866096,0.499878
-0.866091,-0.499886
0.866087,0.499894
-0.866082,-0.499902
0.866085,0.499896
-0.866081,-0.499904
0.866077,0.499911
-0.866072,-0.499919
0.866068,0.499927
-0.866063,-0.499935
0.866066,0.499929
-0.866062,-0.499937
0.866057,0.499945
-0.866053,-0.499952
0.866049,0.49996
-0.866044,-0.499968
0.866047,0.499962
-0.866043,-0.49997
0.866046,0.499964
-0.866041,-0.499972
0.866037,0.49998
-0.866033,-0.499988
0.866028,0.499995
-0.866024,-0.500003
0.866019,0.500011
-0.866015,-0.500018
0.866026,0.5
-0.866021,-0.500007
0.866017,0.500015
-0.866012,-0.500023
0.866008,0.500031
-0.866003,-0.500038
0.865999,0.500046
-0.865994,-0.500054
0.86599,0.500061
-0.865985,-0.500069
0.865981,0.500077
-0.865977,-0.500085
0.865987,0.500066
-0.865983,-0.500074
0.865978,0.500081
-0.865974,-0.500089
0.86597,0.500097
-0.865965,-0.500104
0.865961,0.500112
-0.865956,-0.50012
0.865952,0.500128
-0.865947,-0.500135
0.865943,0.500143
-0.865938,-0.500151
0.865934,0.500158
-0.865945,-0.50014
0.86594,0.500147
-0.865936,-0.500155
0.865931,0.500163
-0.865927,-0.500171
0.865922,0.500178
-0.865918,-0.500186
0.865914,0.500194
-0.865909,-0.500201
0.865905,0.500209
-0.8659,-0.500217
0.865896,0.500225
-0.865891,-0.500232
0.865902,0.500214
-0.865898,-0.500221
0.865893,0.500229
-0.865889,-0.500237
0.865884,0.500244
-0.86588,-0.500252
0.865875,0.50026
-0.865871,-0.500268
0.865866,0.500275
-0.865862,-0.500283
0.865857,0.500291
-0.865853,-0.500298
0.865864,0.50028
-0.865859,-0.500287
0.865855,0.500295
-0.86585,-0.500303
0.865846,0.500311
-0.865842,-0.500318
0.865837,0.500326
-0.865833,-0.500334
0.865828,0.500341
-0.865824,-0.500349
0.865819,0.500357
-0.865815,-0.500365
0.86581,0.500372
-0.865821,-0.500354
0.865817,0.500361
-0.865812,-0.500369
0.865808,0.500377
-0.865803,-0.500384
0.865799,0.500392
-0.865794,-0.5004
0.86579,0.500408
-0.865785,-0.500415
0.865781,0.500423
-0.865777,-0.500431
0.865772,0.500438
-0.865768,-0.500446
0.865763,0.500454
-0.865759,-0.500462
0.865754,0.500469
-0.86575,-0.500477
0.865745,0.500485
-0.865741,-0.500492
0.865736,0.5005
-0.865732,-0.500508
0.865728,0.500516
-0.865723,-0.500523
0.865719,0.500531
-0.865714,-0.500539
0.86571,0.500546
-0.865705,-0.500554
0.865701,0.500562
-0.865696,-0.50057
0.865692,0.500577
-0.865687,-0.500585
0.865713,0.50054
-0.865709,-0.500548
0.865705,0.500555
-0.8657,-0.500563
0.865696,0.500571
-0.865691,-0.500578
0.865687,0.500586
-0.865682,-0.500594
0.865678,0.500602
-0.865673,-0.500609
0.865669,0.500617
-0.865664,-0.500625
0.86566,0.500632
-0.865656,-0.50064
0.865651,0.500648
-0.865647,-0.500656
0.865642,0.500663
-0.865638,-0.500671
0.865633,0.500679
-0.865629,-0.500686
0.865624,0.500694
-0.86562,-0.500702
0.865615,0.50071
-0.865611,-0.500717
0.865606,0.500725
-0.865602,-0.500733
0.865628,0.500688
-0.865624,-0.500695
0.865619,0.500703
-0.865615,-0.500711
0.86561,0.500718
-0.865606,-0.500726
0.865601,0.500734
-0.865597,-0.500741
0.865592,0.500749
-0.865588,-0.500757
0.865583,0.500765
-0.865579,-0.500772
0.865575,0.50078
-0.86557,-0.500788
0.865566,0.500795
-0.865561,-0.500803
0.865557,0.500811
-0.865552,-0.500819
0.865548,0.500826
-0.865543,-0.500834
0.865539,0.500842
-0.865534,-0.500849
0.86553,0.500857
-0.865525,-0.500865
0.865521,0.500873
-0.865547,-0.500827
0.865543,0.500835
-0.865538,-0.500843
0.865534,0.500851
-0.865529,-0.500858
0.865525,0.500866
-0.86552,-0.500874
0.865516,0.500881
-0.865511,-0.500889
0.865507,0.500897
-0.865503,-0.500905
0.865498,0.500912
-0.865494,-0.50092
0.865489,0.500928
-0.865485,-0.500935
0.86548,0.500943
-0.865506,-0.500898
0.865532,0.500853
-0.865559,-0.500808
0.865554,0.500816
-0.86558,-0.50077
0.865606,0.500725
-0.865632,-0.50068
0.865658,0.500635
-0.865654,-0.500643
0.86568,0.500598
-0.865706,-0.500552
0.865732,0.500507
-0.865758,-0.500462
0.865754,0.50047
-0.86578,-0.500425
0.865806,0.50038
-0.865832,-0.500335
0.865858,0.500289
-0.865854,-0.500297
0.86588,0.500252
-0.865906,-0.500207
0.865932,0.500162
-0.865958,-0.500117
0.865954,0.500124
-0.86598,-0.500079
0.866006,0.500034
-0.866032,-0.499989
0.866058,0.499944
-0.866084,-0.499899
0.86608,0.499906
-0.866106,-0.499861
0.866132,0.499816
-0.866158,-0.499771
0.866184,0.499726
-0.866179,-0.499733
0.866205,0.499688
-0.866231,-0.499643
0.866257,0.499598
-0.866283,-0.499553
0.866279,0.499561
-0.866305,-0.499515
0.866331,0.49947
-0.866357,-0.499425
0.866383,0.49938
-0.866379,-0.499388
0.866405,0.499342
-0.866431,-0.499297
0.866457,0.499252
-0.866483,-0.499207
0.866478,0.499215
-0.866504,-0.49917
0.86653,0.499124
-0.866556,-0.499079
0.866582,0.499034
-0.866578,-0.499042
0.866604,0.498997
-0.86663,-0.498951
0.866656,0.498906
-0.866682,-0.498861
0.866708,0.498816
-0.866704,-0.498824
0.86673,0.498778
-0.866756,-0.498733
0.866782,0.498688
-0.866808,-0.498643
0.866803,0.498651
-0.866829,-0.498605
0.866855,0.49856
-0.866881,-0.498515
0.866907,0.49847
-0.866903,-0.498478
0.866929,0.498432
-0.866955,-0.498387
0.866981,0.498342
-0.867007,-0.498297
0.867032,0.498252
-0.867089,-0.498153
0.867084,0.498161
-0.86708,-0.498169
0.867136,0.498071
-0.867132,-0.498079
0.867188,0.49798
-0.867184,-0.497988
0.867179,0.497996
-0.867236,-0.497898
0.867231,0.497905
-0.867288,-0.497807
0.867283,0.497815
-0.867279,-0.497823
0.867335,0.497725
-0.867331,-0.497732
0.867387,0.497634
-0.867383,-0.497642
0.867378,0.49765
-0.867434,-0.497551
0.86743,0.497559
-0.867486,-0.497461
0.867482,0.497469
-0.867477,-0.497476
0.867534,0.497378
-0.867529,-0.497386
0.867586,0.497288
-0.867581,-0.497296
0.867637,0.497197
-0.867633,-0.497205
0.867629,0.497213
-0.867685,-0.497115
0.86768,0.497122
-0.867737,-0.497024
0.867732,0.497032
-0.867728,-0.49704
0.867784,0.496942
-0.86778,-0.496949
0.867836,0.496851
-0.867831,-0.496859
0.867827,0.496866
-0.867883,-0.496768
0.867879,0.496776
-0.867935,-0.496678
0.867931,0.496686
-0.867926,-0.496693
0.867982,0.496595
-0.867978,-0.496603
0.868034,0.496505
-0.86803,-0.496512
0.868025,0.49652
-0.868081,-0.496422
0.868077,0.49643
-0.868133,-0.496331
0.868129,0.496339
-0.868124,-0.496347
0.868181,0.496249
-0.868176,-0.496256
0.868232,0.496158
-0.868228,-0.496166
0.868223,0.496174
-0.86828,-0.496075
0.868275,0.496083
-0.868331,-0.495985
0.868327,0.495992
-0.868322,-0.496
0.868379,0.495902
-0.868374,-0.49591
0.86843,0.495811
-0.868426,-0.495819
0.868421,0.495827
-0.868478,-0.495729
0.868473,0.495736
-0.868529,-0.495638
0.868525,0.495646
-0.86852,-0.495654
0.868576,0.495555
-0.868572,-0.495563
0.868628,0.495465
-0.868624,-0.495472
0.868619,0.49548
-0.868675,-0.495382
0.868671,0.49539
-0.868727,-0.495291
0.868723,0.495299
-0.868779,-0.495201
0.868774,0.495208
-0.86877,-0.495216
0.868826,0.495118
-0.868821,-0.495126
0.868877,0.495027
-0.868873,-0.495035
0.868869,0.495043
-0.868925,-0.494944
0.86892,0.494952
-0.868976,-0.494854
0.868972,0.494862
-0.868967,-0.494869
0.869023,0.494771
-0.869019,-0.494779
0.869075,0.49468
-0.869071,-0.494688
0.869066,0.494696
-0.869122,-0.494598
0.869118,0.494605
-0.869174,-0.494507
0.869169,0.494515
-0.869165,-0.494522
0.869221,0.494424
-0.869216,-0.494432
0.869272,0.494333
-0.869268,-0.494341
0.869264,0.494349
-0.869319,-0.494251
0.869315,0.494258
-0.869371,-0.49416
0.869367,0.494168
-0.869362,-0.494175
0.869418,0.494077
-0.869414,-0.494085
0.86947,0.493986
-0.869465,-0.493994
0.869461,0.494002
-0.869517,-0.493904
0.869512,0.493911
-0.869568,-0.493813
0.869564,0.493821
-0.869559,-0.493828
0.869615,0.49373
-0.869611,-0.493738
0.869667,0.493639
-0.869662,-0.493647
0.869658,0.493655
-0.869714,-0.493556
0.869709,0.493564
-0.869765,-0.493466
0.869761,0.493473
-0.869756,-0.493481
0.869812,0.493383
-0.869808,-0.493391
0.869864,0.493292
-0.869859,-0.4933
0.869855,0.493308
-0.869911,-0.493209
0.869906,0.493217
-0.869962,-0.493118
0.869958,0.493126
-0.870014,-0.493028
0.870009,0.493035
-0.870005,-0.493043
0.870061,0.492945
-0.870056,-0.492953
0.870112,0.492854
-0.870108,-0.492862
0.870103,0.49287
-0.870159,-0.492771
0.870155,0.492779
-0.87021,-0.49268
0.870206,0.492688
-0.870202,-0.492696
0.870257,0.492597
-0.870253,-0.492605
0.870309,0.492507
-0.870304,-0.492514
0.8703,0.492522
-0.870356,-0.492424
0.870351,0.492431
-0.870407,-0.492333
0.870403,0.492341
-0.870398,-0.492348
0.870454,0.49225
-0.870449,-0.492258
0.870505,0.492159
-0.870501,-0.492167
0.870496,0.492175
-0.870492,-0.492183
0.870488,0.49219
-0.870543,-0.492092
0.870539,0.4921
-0.870595,-0.492001
0.87059,0.492009
-0.870586,-0.492017
0.870642,0.491918
-0.870637,-0.491926
0.870693,0.491827
-0.870688,-0.491835
0.870684,0.491843
-0.87074,-0.491744
0.870735,0.491752
-0.870791,-0.491653
0.870787,0.491661
-0.870782,-0.491669
0.870838,0.49157
-0.870833,-0.491578
0.870889,0.49148
-0.870885,-0.491487
0.87094,0.491389
-0.870936,-0.491397
0.870932,0.491404
-0.870987,-0.491306
0.870983,0.491314
-0.871038,-0.491215
0.871034,0.491223
-0.87103,-0.49123
0.871085,0.491132
-0.871081,-0.49114
0.871136,0.491041
-0.871132,-0.491049
0.871128,0.491057
-0.871183,-0.490958
0.871179,0.490966
-0.871234,-0.490867
0.87123,0.490875
-0.871226,-0.490883
0.871281,0.490784
-0.871277,-0.490792
0.871332,0.490693
-0.871328,-0.490701
0.871324,0.490709
-0.871379,-0.49061
0.871375,0.490618
-0.87143,-0.490519
0.871426,0.490527
-0.871422,-0.490535
0.871477,0.490436
-0.871473,-0.490444
0.871528,0.490345
-0.871524,-0.490353
0.871519,0.490361
-0.871575,-0.490262
0.871571,0.49027
-0.871626,-0.490171
0.871622,0.490179
-0.871617,-0.490187
0.871673,0.490088
-0.871668,-0.490096
0.871724,0.489998
-0.871719,-0.490005
0.871715,0.490013
-0.871771,-0.489914
0.871766,0.489922
-0.871822,-0.489823
0.871817,0.489831
-0.871813,-0.489839
0.871868,0.48974
-0.871864,-0.489748
0.871919,0.489649
-0.871915,-0.489657
0.871911,0.489665
-0.871966,-0.489566
0.871962,0.489574
-0.872017,-0.489475
0.872013,0.489483
-0.872008,-0.489491
0.872064,0.489392
-0.872059,-0.4894
0.872115,0.489301
-0.87211,-0.489309
0.872166,0.48921
-0.872161,-0.489218
0.872157,0.489226
-0.872212,-0.489127
0.872208,0.489135
-0.872263,-0.489036
0.872259,0.489044
-0.872255,-0.489052
0.87231,0.488953
-0.872306,-0.488961
0.872361,0.488862
-0.872357,-0.48887
0.872352,0.488878
-0.872408,-0.488779
0.872403,0.488787
-0.872459,-0.488688
0.872454,0.488696
-0.87245,-0.488704
0.872505,0.488605
-0.872501,-0.488613
0.872556,0.488514
-0.872552,-0.488522
0.872547,0.48853
-0.872603,-0.488431
0.872598,0.488439
-0.872654,-0.48834
0.872649,0.488348
-0.872645,-0.488355
0.8727,0.488257
-0.872696,-0.488264
0.872751,0.488166
-0.872747,-0.488173
0.872742,0.488181
-0.872798,-0.488082
0.872793,0.48809
-0.872848,-0.487991
0.872844,0.487999
-0.87284,-0.488007
0.872895,0.487908
-0.872891,-0.487916
0.872946,0.487817
-0.872941,-0.487825
0.872937,0.487833
-0.872992,-0.487734
0.872988,0.487742
-0.873043,-0.487643
0.873039,0.487651
-0.873034,-0.487659
0.87309,0.48756
-0.873085,-0.487567
0.87314,0.487469
-0.873136,-0.487476
0.873132,0.487484
-0.873187,-0.487385
0.873183,0.487393
-0.873238,-0.487294
0.873233,0.487302
-0.873289,-0.487203
0.873284,0.487211
-0.87328,-0.487219
0.873335,0.48712
-0.873331,-0.487128
0.873386,0.487029
-0.873381,-0.487037
0.873377,0.487045
-0.873432,-0.486946
0.873428,0.486954
-0.873483,-0.486855
0.87336,0.487076
-0.873474,-0.48687
0.87347,0.486878
-0.873466,-0.486886
0.873461,0.486894
-0.873457,-0.486901
0.873571,0.486696
-0.873567,-0.486704
0.873563,0.486711
-0.873558,-0.486719
0.873554,0.486727
-0.873669,-0.486522
0.873664,0.486529
-0.87366,-0.486537
0.873656,0.486545
-0.873651,-0.486553
0.873766,0.486347
-0.873761,-0.486355
0.873757,0.486363
-0.873753,-0.486371
0.873867,0.486165
-0.873863,-0.486173
0.873858,0.486181
-0.873854,-0.486188
0.87385,0.486196
-0.873964,-0.485991
0.87396,0.485998
-0.873955,-0.486006
0.873951,0.486014
-0.873947,-0.486022
0.874061,0.485816
-0.874057,-0.485824
0.874052,0.485832
-0.874048,-0.485839
0.874044,0.485847
-0.874158,-0.485642
0.874154,0.485649
-0.874149,-0.485657
0.874145,0.485665
-0.874141,-0.485673
0.874255,0.485467
-0.874251,-0.485475
0.874246,0.485483
-0.874242,-0.48549
0.874238,0.485498
-0.874352,-0.485293
0.874348,0.4853
-0.874343,-0.485308
0.874339,0.485316
-0.874335,-0.485324
0.874449,0.485118
-0.874444,-0.485126
0.87444,0.485134
-0.874436,-0.485141
0.874431,0.485149
-0.874545,-0.484944
0.874541,0.484951
-0.874537,-0.484959
0.874533,0.484967
-0.874528,-0.484975
0.874642,0.484769
-0.874638,-0.484777
0.874634,0.484785
-0.874629,-0.484792
0.874625,0.4848
-0.874739,-0.484594
0.874735,0.484602
-0.87473,-0.48461
0.874726,0.484618
-0.874722,-0.484626
0.874836,0.48442
-0.874831,-0.484428
0.874827,0.484435
-0.874823,-0.484443
0.874818,0.484451
-0.874932,-0.484245
0.874928,0.484253
-0.874924,-0.484261
0.874919,0.484269
-0.874915,-0.484276
0.875029,0.484071
-0.875025,-0.484078
0.87502,0.484086
-0.875016,-0.484094
0.875012,0.484102
-0.875126,-0.483896
0.875121,0.483904
-0.875117,-0.483911
0.875113,0.483919
-0.875108,-0.483927
0.875222,0.483721
-0.875218,-0.483729
0.875214,0.483737
-0.875209,-0.483745
0.875205,0.483752
-0.875319,-0.483546
0.875314,0.483554
-0.87531,-0.483562
0.875306,0.48357
-0.875301,-0.483578
0.875415,0.483372
-0.875411,-0.48338
0.875407,0.483387
-0.875402,-0.483395
0.875398,0.483403
-0.875512,-0.483197
0.875507,0.483205
-0.875503,-0.483213
0.875499,0.48322
-0.875494,-0.483228
0.875608,0.483022
-0.875604,-0.48303
0.875599,0.483038
-0.875595,-0.483046
0.875591,0.483053
-0.875704,-0.482847
0.8757,0.482855
-0.875696,-0.482863
0.875692,0.482871
-0.875687,-0.482879
0.875801,0.482673
-0.875796,-0.48268
0.875792,0.482688
-0.875788,-0.482696
0.875784,0.482704
-0.875897,-0.482498
0.875893,0.482506
-0.875889,-0.482513
0.875884,0.482521
-0.87588,-0.482529
0.875993,0.482323
-0.875989,-0.482331
0.875985,0.482339
-0.875981,-0.482346
0.875976,0.482354
-0.87609,-0.482148
0.876085,0.482156
-0.876081,-0.482164
0.876077,0.482172
-0.87619,-0.481965
0.876186,0.481973
-0.876182,-0.481981
0.876177,0.481989
-0.876173,-0.481997
0.876286,0.481791
-0.876282,-0.481798
0.876278,0.481806
-0.876274,-0.481814
0.876269,0.481822
-0.876383,-0.481616
0.876378,0.481624
-0.876374,-0.481631
0.87637,0.481639
-0.876365,-0.481647
0.876479,0.481441
-0.876474,-0.481449
0.87647,0.481456
-0.876466,-0.481464
0.876462,0.481472
-0.876575,-0.481266
0.87657,0.481274
-0.876566,-0.481281
0.876562,0.481289
-0.876558,-0.481297
0.876671,0.481091
-0.876666,-0.481099
0.876662,0.481106
-0.876658,-0.481114
0.876654,0.481122
-0.876767,-0.480916
0.876762,0.480924
-0.876758,-0.480931
0.876754,0.480939
-0.87675,-0.480947
0.876863,0.480741
-0.876858,-0.480749
0.876854,0.480756
-0.87685,-0.480764
0.876846,0.480772
-0.876959,-0.480566
0.876954,0.480574
-0.87695,-0.480581
0.876946,0.480589
-0.876942,-0.480597
0.877055,0.480391
-0.87705,-0.480399
0.877046,0.480406
-0.877042,-0.480414
0.877037,0.480422
-0.87715,-0.480216
0.877146,0.480224
-0.877142,-0.480231
0.877138,0.480239
-0.877133,-0.480247
0.877246,0.480041
-0.877242,-0.480048
0.877238,0.480056
-0.877233,-0.480064
0.877229,0.480072
-0.877342,-0.479865
0.877338,0.479873
-0.877334,-0.479881
0.877329,0.479889
-0.877325,-0.479897
0.877438,0.47969
-0.877434,-0.479698
0.877429,0.479706
-0.877425,-0.479714
0.877421,0.479722
-0.877534,-0.479515
0.877529,0.479523
-0.877525,-0.479531
0.877521,0.479539
-0.877516,-0.479547
0.877629,0.47934
-0.877625,-0.479348
0.877621,0.479356
-0.877616,-0.479364
0.877612,0.479371
-0.877725,-0.479165
0.877721,0.479173
-0.877716,-0.479181
0.877712,0.479188
-0.877708,-0.479196
0.877821,0.47899
-0.877816,-0.478997
0.877812,0.479005
-0.877808,-0.479013
0.877803,0.479021
-0.877916,-0.478814
0.877912,0.478822
-0.877908,-0.47883
0.877903,0.478838
-0.877899,-0.478846
0.878012,0.478639
-0.878007,-0.478647
0.878003,0.478655
-0.877999,-0.478663
0.877995,0.478671
-0.878107,-0.478464
0.878103,0.478472
-0.878099,-0.47848
0.878094,0.478487
-0.87809,-0.478495
0.878203,0.478289
-0.878198,-0.478297
0.878194,0.478304
-0.87819,-0.478312
0.878186,0.47832
-0.878298,-0.478113
0.878294,0.478121
-0.87829,-0.478129
0.878285,0.478137
-0.878281,-0.478145
0.878394,0.477938
-0.878389,-0.477946
0.878385,0.477954
-0.878381,-0.477962
0.878493,0.477755
-0.878489,-0.477763
0.878485,0.477771
-0.87848,-0.477778
0.878476,0.477786
-0.878588,-0.47758
0.878584,0.477587
-0.87858,-0.477595
0.878576,0.477603
-0.878571,-0.477611
0.878684,0.477404
-0.87868,-0.477412
0.878675,0.47742
-0.878671,-0.477428
0.878667,0.477436
-0.878779,-0.477229
0.878775,0.477237
-0.878771,-0.477244
0.878766,0.477252
-0.878762,-0.47726
0.878874,0.477053
-0.87887,-0.477061
0.878866,0.477069
-0.878862,-0.477077
0.878857,0.477085
-0.878969,-0.476878
0.878965,0.476886
-0.878961,-0.476894
0.878957,0.476901
-0.878953,-0.476909
0.879065,0.476703
-0.87906,-0.47671
0.879056,0.476718
-0.879052,-0.476726
0.879048,0.476734
-0.87916,-0.476527
0.879156,0.476535
-0.879151,-0.476543
0.879147,0.476551
-0.879143,-0.476558
0.879255,0.476352
-0.879251,-0.476359
0.879246,0.476367
-0.879242,-0.476375
0.879238,0.476383
-0.87935,-0.476176
0.879346,0.476184
-0.879341,-0.476192
0.879337,0.4762
-0.879333,-0.476207
0.879445,0.476001
-0.879441,-0.476008
0.879436,0.476016
-0.879432,-0.476024
0.879428,0.476032
-0.87954,-0.475825
0.879536,0.475833
-0.879532,-0.475841
0.879527,0.475848
-0.879523,-0.475856
0.879635,0.475649
-0.879631,-0.475657
0.879626,0.475665
-0.879622,-0.475673
0.879618,0.475681
-0.87973,-0.475474
0.879726,0.475482
-0.879721,-0.47549
0.879717,0.475497
-0.879713,-0.475505
0.879825,0.475298
-0.879821,-0.475306
0.879816,0.475314
-0.879812,-0.475322
0.879808,0.47533
-0.87992,-0.475123
0.879915,0.47513
-0.879911,-0.475138
0.879907,0.475146
-0.879903,-0.475154
0.880014,0.474947
-0.88001,-0.474955
0.880006,0.474963
-0.880002,-0.474971
0.879997,0.474978
-0.880109,-0.474771
0.880105,0.474779
-0.880101,-0.474787
0.880096,0.474795
-0.880092,-0.474803
0.880204,0.474596
-0.880084,-0.474818
0.88008,0.474826
-0.879959,-0.475049
0.879839,0.475272
-0.879835,-0.475279
0.879715,0.475502
-0.87971,-0.47551
0.87959,0.475732
-0.879586,-0.47574
0.879465,0.475963
-0.879345,-0.476185
0.879341,0.476193
-0.87922,-0.476416
0.879216,0.476424
-0.879095,-0.476646
0.879091,0.476654
-0.87897,-0.476876
0.87885,0.477099
-0.878845,-0.477107
0.878725,0.477329
-0.87872,-0.477337
0.8786,0.477559
-0.878595,-0.477567
0.878474,0.477789
-0.87847,-0.477797
0.878349,0.478019
-0.878228,-0.478242
0.878224,0.478249
-0.878103,-0.478472
0.878099,0.478479
-0.877978,-0.478702
0.877973,0.478709
-0.877852,-0.478932
0.877731,0.479154
-0.877727,-0.479162
0.877605,0.479384
-0.877601,-0.479391
0.87748,0.479614
-0.877476,-0.479621
0.877354,0.479843
-0.877233,-0.480065
0.877228,0.480073
-0.877107,-0.480295
0.877103,0.480303
-0.876981,-0.480525
0.876977,0.480533
-0.876855,-0.480755
0.876851,0.480762
-0.876729,-0.480984
0.876607,0.481206
-0.876603,-0.481214
0.876481,0.481436
-0.876477,-0.481444
0.876355,0.481665
-0.876351,-0.481673
0.876229,0.481895
-0.876107,-0.482117
0.876103,0.482124
-0.875981,-0.482346
0.875976,0.482354
-0.875854,-0.482576
0.87585,0.482583
-0.875728,-0.482805
0.875606,0.483027
-0.875601,-0.483034
0.875479,0.483256
-0.875475,-0.483264
0.875353,0.483485
-0.875348,-0.483493
0.875226,0.483715
-0.875221,-0.483722
0.875099,0.483944
-0.874977,-0.484165
0.874972,0.484173
-0.87485,-0.484394
0.874845,0.484402
-0.874723,-0.484624
0.874718,0.484631
-0.874596,-0.484853
0.874473,0.485074
-0.874469,-0.485082
0.874346,0.485303
-0.874342,-0.485311
0.874219,0.485532
-0.874215,-0.48554
0.874092,0.485761
-0.873969,-0.485982
0.873964,0.48599
-0.873841,-0.486211
0.873837,0.486219
-0.873714,-0.48644
0.87371,0.486448
-0.873586,-0.486669
0.873582,0.486677
-0.873459,-0.486898
0.873336,0.487119
-0.873331,-0.487127
0.873208,0.487348
-0.873204,-0.487355
0.87308,0.487576
-0.873076,-0.487584
0.872953,0.487805
-0.872829,-0.488026
0.872825,0.488034
-0.872701,-0.488254
0.872697,0.488262
-0.872573,-0.488483
0.872569,0.488491
-0.872445,-0.488712
0.872322,0.488932
-0.872317,-0.48894
0.872194,0.489161
-0.872189,-0.489169
0.872065,0.489389
-0.872061,-0.489397
0.871937,0.489618
-0.871933,-0.489626
0.871809,0.489846
-0.871685,-0.490067
0.871681,0.490075
-0.871557,-0.490295
0.871552,0.490303
-0.871428,-0.490523
0.871424,0.490531
-0.8713,-0.490752
0.871175,0.490972
-0.871171,-0.49098
0.871047,0.4912
-0.871042,-0.491208
0.870918,0.491428
-0.870914,-0.491436
0.870789,0.491657
-0.870665,-0.491877
0.87066,0.491885
-0.870536,-0.492105
0.870531,0.492113
-0.870407,-0.492333
0.870403,0.492341
-0.870278,-0.492561
0.870274,0.492569
-0.870149,-0.492789
0.870024,0.493009
-0.87002,-0.493017
0.869895,0.493237
-0.869891,-0.493245
0.869766,0.493465
-0.869761,-0.493473
0.869636,0.493693
-0.869511,-0.493913
0.869507,0.493921
-0.869382,-0.494141
0.869378,0.494148
-0.869253,-0.494368
0.869248,0.494376
-0.869123,-0.494596
0.868998,0.494816
-0.868993,-0.494824
0.868868,0.495043
-0.868864,-0.495051
0.868738,0.495271
-0.868734,-0.495279
0.868609,0.495499
-0.868604,-0.495506
0.868479,0.495726
-0.868353,-0.495946
0.868349,0.495954
-0.868223,-0.496173
0.868219,0.496181
-0.868093,-0.496401
0.868089,0.496409
-0.867963,-0.496628
0.867838,0.496848
-0.867833,-0.496856
0.867707,0.497075
-0.867703,-0.497083
0.867577,0.497302
-0.867573,-0.49731
0.867447,0.49753
-0.867321,-0.497749
0.867317,0.497757
-0.867191,-0.497976
0.867186,0.497984
-0.86706,-0.498203
0.867056,0.498211
-0.86693,-0.498431
0.866925,0.498438
-0.866799,-0.498658
0.866673,0.498877
-0.866668,-0.498885
0.866542,0.499104
-0.866538,-0.499112
0.866411,0.499331
-0.866407,-0.499339
0.86628,0.499558
-0.866154,-0.499777
0.86615,0.499785
-0.866023,-0.500004
0.866019,0.500012
-0.865892,-0.500231
0.865888,0.500239
-0.865761,-0.500458
0.865634,0.500677
-0.86563,-0.500684
0.865503,0.500903
-0.865499,-0.500911
0.865372,0.50113
-0.865367,-0.501138
0.865241,0.501357
-0.865114,-0.501576
0.865109,0.501584
-0.864982,-0.501802
0.864978,0.50181
-0.864851,-0.502029
0.864846,0.502037
-0.864719,-0.502255
0.864715,0.502263
-0.864588,-0.502482
0.86446,0.502701
-0.864456,-0.502708
0.864329,0.502927
-0.864324,-0.502935
0.864197,0.503154
-0.864192,-0.503161
0.864065,0.50338
-0.863938,-0.503599
0.863933,0.503606
-0.863806,-0.503825
0.863801,0.503833
-0.863674,-0.504051
0.863669,0.504059
-0.863542,-0.504277
0.863414,0.504496
-0.86341,-0.504504
0.863282,0.504722
-0.863277,-0.50473
0.86315,0.504948
-0.863145,-0.504956
0.863017,0.505174
-0.863013,-0.505182
0.862885,0.5054
-0.862757,-0.505619
0.862753,0.505626
-0.862625,-0.505845
0.86262,0.505852
-0.862492,-0.506071
0.862488,0.506078
-0.862359,-0.506297
0.862231,0.506515
-0.862227,-0.506522
0.862099,0.506741
-0.862094,-0.506748
0.861966,0.506966
-0.861961,-0.506974
0.861833,0.507192
-0.861705,-0.50741
0.8617,0.507418
-0.861572,-0.507636
0.861567,0.507644
-0.861439,-0.507862
0.861434,0.507869
-0.861306,-0.508087
0.861301,0.508095
-0.861172,-0.508313
0.861044,0.508531
-0.861039,-0.508538
0.860911,0.508756
-0.860906,-0.508764
0.860777,0.508982
-0.860773,-0.50899
0.860644,0.509207
-0.860515,-0.509425
0.86051,0.509433
-0.860382,-0.509651
0.860377,0.509658
-0.860248,-0.509876
0.860243,0.509884
-0.860114,-0.510101
0.859985,0.510319
-0.859981,-0.510327
0.859852,0.510544
-0.859847,-0.510552
0.859718,0.510769
-0.859713,-0.510777
0.859584,0.510995
-0.859579,-0.511002
0.85945,0.51122
-0.859321,-0.511437
0.859316,0.511445
-0.859187,-0.511662
0.859182,0.51167
-0.859053,-0.511887
0.859048,0.511895
-0.858918,-0.512112
0.858789,0.51233
-0.858784,-0.512337
0.858655,0.512555
-0.85865,-0.512562
0.85852,0.51278
-0.858516,-0.512787
0.858386,0.513004
-0.858256,-0.513222
0.858252,0.513229
-0.858122,-0.513446
0.858242,0.513245
-0.858238,-0.513252
0.857983,0.513679
-0.857978,-0.513686
0.857973,0.513694
-0.857718,-0.514121
0.857713,0.514128
-0.857709,-0.514136
0.857704,0.514144
-0.857448,-0.51457
0.857444,0.514578
-0.857439,-0.514585
0.857435,0.514593
-0.857179,-0.515019
0.857174,0.515027
-0.85717,-0.515034
0.856913,0.51546
-0.856909,-0.515468
0.856904,0.515476
-0.8569,-0.515483
0.856643,0.515909
-0.856639,-0.515917
0.856634,0.515925
-0.856377,-0.51635
0.856373,0.516358
-0.856368,-0.516366
0.856364,0.516373
-0.856107,-0.516799
0.856102,0.516807
-0.856098,-0.516814
0.85584,0.51724
-0.855836,-0.517247
0.855831,0.517255
-0.855827,-0.517263
0.855569,0.517688
-0.855565,-0.517696
0.85556,0.517703
-0.855303,-0.518129
0.855298,0.518136
-0.855293,-0.518144
0.855289,0.518152
-0.855031,-0.518577
0.855026,0.518584
-0.855022,-0.518592
0.854764,0.519017
-0.854759,-0.519025
0.854755,0.519032
-0.85475,-0.51904
0.854492,0.519465
-0.854487,-0.519472
0.854483,0.51948
-0.854224,-0.519905
0.85422,0.519912
-0.854215,-0.51992
0.85421,0.519928
-0.853952,-0.520352
0.853947,0.52036
-0.853942,-0.520368
0.853938,0.520375
-0.853679,-0.5208
0.853674,0.520807
-0.85367,-0.520815
0.853411,0.521239
-0.853406,-0.521247
0.853401,0.521254
-0.853397,-0.521262
0.853137,0.521686
-0.853133,-0.521694
0.853128,0.521701
-0.852869,-0.522126
0.852864,0.522133
-0.852859,-0.522141
0.852855,0.522148
-0.852595,-0.522572
0.85259,0.52258
-0.852586,-0.522588
0.852326,0.523011
-0.852321,-0.523019
0.852316,0.523027
-0.852312,-0.523034
0.852052,0.523458
-0.852047,-0.523465
0.852042,0.523473
-0.851782,-0.523897
0.851777,0.523904
-0.851773,-0.523912
0.851768,0.523919
-0.851507,-0.524343
0.851503,0.52435
-0.851498,-0.524358
0.851237,0.524781
-0.851232,-0.524789
0.851228,0.524796
-0.851223,-0.524804
0.850962,0.525227
-0.850957,-0.525235
0.850953,0.525242
-0.850691,-0.525665
0.850687,0.525673
-0.850682,-0.52568
0.850677,0.525688
-0.850416,-0.526111
0.850411,0.526119
-0.850407,-0.526126
0.850145,0.526549
-0.85014,-0.526556
0.850136,0.526564
-0.850131,-0.526572
0.849869,0.526994
-0.849864,-0.527002
0.84986,0.527009
-0.849855,-0.527017
0.849593,0.527439
-0.849588,-0.527447
0.849583,0.527454
-0.849321,-0.527877
0.849316,0.527884
-0.849312,-0.527892
0.849307,0.5279
-0.849044,-0.528322
0.84904,0.528329
-0.849035,-0.528337
0.848772,0.528759
-0.848767,-0.528767
0.848763,0.528774
-0.848758,-0.528782
0.848495,0.529204
-0.84849,-0.529211
0.848485,0.529219
-0.848222,-0.52964
0.848218,0.529648
-0.848213,-0.529656
0.848208,0.529663
-0.847945,-0.530085
0.84794,0.530092
-0.847935,-0.5301
0.847672,0.530521
-0.847667,-0.530529
0.847662,0.530537
-0.847657,-0.530544
0.847393,0.530965
-0.847389,-0.530973
0.847384,0.530981
-0.84712,-0.531402
0.847115,0.531409
-0.84711,-0.531417
0.847106,0.531424
-0.846841,-0.531846
0.846837,0.531853
-0.846832,-0.531861
0.846567,0.532282
-0.846563,-0.532289
0.846558,0.532297
-0.846553,-0.532304
0.846288,0.532725
-0.846284,-0.532733
0.846279,0.53274
-0.846274,-0.532748
0.846009,0.533168
-0.846004,-0.533176
0.846,0.533183
-0.845734,-0.533604
0.84573,0.533612
-0.845725,-0.533619
0.84572,0.533627
-0.845455,-0.534047
0.84545,0.534055
-0.845445,-0.534062
0.84518,0.534482
-0.845175,-0.53449
0.84517,0.534497
-0.845165,-0.534505
0.844899,0.534925
-0.844895,-0.534933
0.84489,0.53494
-0.844624,-0.53536
0.844619,0.535368
-0.844614,-0.535375
0.84461,0.535383
-0.844343,-0.535803
0.844339,0.53581
-0.844334,-0.535818
0.844067,0.536237
-0.844062,-0.536245
0.844058,0.536252
-0.844053,-0.53626
0.843786,0.53668
-0.843781,-0.536687
0.843777,0.536695
-0.84351,-0.537114
0.843505,0.537122
-0.8435,-0.537129
0.843495,0.537137
-0.843228,-0.537556
0.843223,0.537563
-0.843219,-0.537571
0.842951,0.53799
-0.842946,-0.537998
0.842942,0.538005
-0.842937,-0.538013
0.842669,0.538432
-0.842664,-0.538439
0.84266,0.538447
-0.842655,-0.538454
0.842387,0.538873
-0.842382,-0.538881
0.842377,0.538888
-0.842109,-0.539307
0.842105,0.539314
-0.8421,-0.539322
0.842095,0.539329
-0.841827,-0.539748
0.841822,0.539755
-0.841817,-0.539763
0.841549,0.540181
-0.841544,-0.540189
0.841539,0.540196
-0.841534,-0.540204
0.841265,0.540622
-0.841261,-0.54063
0.841256,0.540637
-0.840987,-0.541055
0.840982,0.541063
-0.840977,-0.54107
0.840972,0.541078
-0.840703,-0.541496
0.840699,0.541503
-0.840694,-0.541511
0.840424,0.541929
-0.84042,-0.541936
0.840415,0.541944
-0.84041,-0.541951
0.84014,0.542369
-0.840136,-0.542377
0.840131,0.542384
-0.839861,-0.542802
0.839856,0.542809
-0.839851,-0.542817
0.839846,0.542824
-0.839576,-0.543242
0.839572,0.543249
-0.839567,-0.543257
0.839297,0.543674
-0.839292,-0.543681
0.839287,0.543689
-0.839282,-0.543696
0.839012,0.544114
-0.839007,-0.544121
0.839002,0.544129
-0.838997,-0.544136
0.838726,0.544553
-0.838722,-0.544561
0.838717,0.544568
-0.838446,-0.544985
0.838441,0.544992
-0.838436,-0.545
0.838431,0.545007
-0.83816,-0.545424
0.838155,0.545432
-0.83815,-0.545439
0.837879,0.545856
-0.837874,-0.545863
0.837869,0.545871
-0.837865,-0.545878
0.837593,0.546295
-0.837588,-0.546302
0.837583,0.54631
-0.837312,-0.546726
0.837307,0.546733
-0.837302,-0.546741
0.837297,0.546748
-0.837025,-0.547165
0.83702,0.547172
-0.837015,-0.547179
0.836743,0.547596
-0.836738,-0.547603
0.836733,0.54761
-0.836729,-0.547618
0.836456,0.548034
-0.836451,-0.548041
0.836446,0.548049
-0.836174,-0.548465
0.836169,0.548472
-0.836164,-0.548479
0.836159,0.548487
-0.835886,-0.548903
0.835881,0.54891
-0.835877,-0.548917
0.835604,0.549333
-0.835599,-0.54934
0.835594,0.549348
-0.835589,-0.549355
0.835316,0.549771
-0.835311,-0.549778
0.835306,0.549786
-0.835301,-0.549793
0.835027,0.550208
-0.835023,-0.550216
0.835018,0.550223
-0.834744,-0.550638
0.834739,0.550646
-0.834734,-0.550653
0.834729,0.550661
-0.834455,-0.551076
0.83445,0.551083
-0.834446,-0.55109
0.834171,0.551505
-0.834167,-0.551513
0.834162,0.55152
-0.834157,-0.551528
0.833882,0.551942
-0.833878,-0.55195
0.833873,0.551957
-0.833598,-0.552372
0.833593,0.552379
-0.833588,-0.552386
0.833583,0.552394
-0.833309,-0.552808
0.833304,0.552816
-0.833299,-0.552823
0.833024,0.553237
-0.833019,-0.553245
0.833014,0.553252
-0.833009,-0.55326
0.832734,0.553674
-0.832729,-0.553681
0.832724,0.553688
-0.832448,-0.554102
0.832444,0.55411
-0.832439,-0.554117
0.832434,0.554125
-0.832158,-0.554538
0.832153,0.554546
-0.832148,-0.554553
0.831872,0.554967
-0.831867,-0.554974
0.831863,0.554982
-0.831858,-0.554989
0.831582,0.555403
-0.831577,-0.55541
0.831572,0.555418
-0.831567,-0.555425
0.83129,0.555838
-0.831285,-0.555846
0.831281,0.555853
-0.831004,-0.556266
0.830999,0.556274
-0.830994,-0.556281
0.830989,0.556289
-0.830712,-0.556702
0.830708,0.556709
-0.830703,-0.556717
0.830426,0.557129
-0.830421,-0.557137
0.830416,0.557144
-0.830411,-0.557152
0.830134,0.557564
-0.830129,-0.557572
0.830124,0.557579
-0.829846,-0.557992
0.829841,0.557999
-0.829836,-0.558007
0.829831,0.558014
-0.829554,-0.558427
0.829549,0.558434
-0.829544,-0.558441
0.829266,0.558854
-0.829261,-0.558861
0.829256,0.558869
-0.829251,-0.558876
0.828973,0.559288
-0.828968,-0.559295
0.828963,0.559303
-0.828685,-0.559715
0.82868,0.559722
-0.828675,-0.55973
0.82867,0.559737
-0.828392,-0.560149
0.828387,0.560156
-0.828382,-0.560164
0.828103,0.560576
-0.828098,-0.560583
0.828093,0.56059
-0.828088,-0.560598
0.827809,0.561009
-0.827804,-0.561017
0.827799,0.561024
-0.827794,-0.561032
0.827515,0.561443
-0.82751,-0.56145
0.827505,0.561458
-0.827226,-0.561869
0.827221,0.561876
-0.827216,-0.561884
0.827211,0.561891
-0.826932,-0.562302
0.826927,0.56231
-0.826922,-0.562317
0.826642,0.562728
-0.826637,-0.562736
0.826632,0.562743
-0.826627,-0.56275
0.826347,0.563161
-0.826342,-0.563169
0.826337,0.563176
-0.826057,-0.563587
0.826052,0.563594
-0.826047,-0.563601
0.826042,0.563609
-0.825761,-0.564019
0.825756,0.564027
-0.825751,-0.564034
0.825471,0.564445
-0.825466,-0.564452
0.825461,0.564459
-0.825456,-0.564467
0.825175,0.564877
-0.82517,-0.564884
0.825165,0.564892
-0.824884,-0.565302
0.824879,0.565309
-0.824874,-0.565317
0.824869,0.565324
-0.824588,-0.565734
0.824583,0.565741
-0.824578,-0.565749
0.824296,0.566159
-0.824291,-0.566166
0.824286,0.566173
-0.824281,-0.566181
0.824,0.56659
-0.823995,-0.566598
0.823989,0.566605
-0.823984,-0.566612
0.823703,0.567022
-0.823698,-0.567029
0.823693,0.567037
-0.82341,-0.567446
0.823405,0.567454
-0.8234,-0.567461
0.823395,0.567468
-0.823113,-0.567878
0.823108,0.567885
-0.823103,-0.567892
0.82282,0.568301
-0.822815,-0.568309
0.82281,0.568316
-0.822805,-0.568323
0.822523,0.568732
-0.822518,-0.56874
0.822513,0.568747
-0.82223,-0.569156
0.822225,0.569163
-0.822219,-0.569171
0.822214,0.569178
-0.821931,-0.569587
0.821926,0.569594
-0.821921,-0.569601
0.821638,0.57001
-0.821633,-0.570017
0.821628,0.570024
-0.821623,-0.570032
0.821339,0.57044
-0.821334,-0.570448
0.821329,0.570455
-0.821045,-0.570863
0.82104,0.57087
-0.821035,-0.570878
0.82103,0.570885
-0.820746,-0.571293
0.820741,0.571301
-0.820736,-0.571308
0.820452,0.571716
-0.820447,-0.571723
0.820442,0.57173
-0.820436,-0.571738
0.820152,0.572146
-0.820147,-0.572153
0.820142,0.57216
-0.820137,-0.572168
0.819852,0.572575
-0.819847,-0.572583
0.819842,0.57259
-0.819557,-0.572997
0.819552,0.573005
-0.819547,-0.573012
0.819542,0.573019
-0.819257,-0.573427
0.819252,0.573434
-0.819247,-0.573441
0.818961,0.573849
-0.818956,-0.573856
0.818951,0.573863
-0.818946,-0.57387
0.818661,0.574278
-0.818656,-0.574285
0.81865,0.574292
-0.818365,-0.574699
0.81836,0.574706
-0.818355,-0.574714
0.818349,0.574721
-0.818064,-0.575128
0.818058,0.575135
-0.818053,-0.575142
0.817767,0.575549
-0.817762,-0.575556
0.817757,0.575564
-0.817752,-0.575571
0.817466,0.575977
-0.817461,-0.575985
0.817455,0.575992
-0.817169,-0.576398
0.817164,0.576406
-0.817159,-0.576413
0.817154,0.57642
-0.816867,-0.576826
0.816862,0.576834
-0.816857,-0.576841
0.81657,0.577247
-0.816565,-0.577254
0.816559,0.577261
-0.816554,-0.577269
0.816267,0.577675
-0.816262,-0.577682
0.816257,0.577689
-0.81597,-0.578095
0.815964,0.578102
-0.815959,-0.57811
0.815954,0.578117
-0.815666,-0.578522
0.815661,0.57853
-0.815656,-0.578537
0.815651,0.578544
-0.815363,-0.57895
0.815358,0.578957
-0.815353,-0.578964
0.815065,0.579369
-0.81506,-0.579377
0.815055,0.579384
-0.81505,-0.579391
0.814761,0.579796
-0.814756,-0.579804
0.814751,0.579811
-0.814463,-0.580216
0.814457,0.580223
-0.814452,-0.58023
0.814447,0.580238
-0.814159,-0.580643
0.814153,0.58065
-0.814148,-0.580657
0.813859,0.581062
-0.813854,-0.581069
0.813849,0.581076
-0.813844,-0.581084
0.813555,0.581488
-0.81355,-0.581495
0.813545,0.581503
-0.813255,-0.581907
0.81325,0.581914
-0.813245,-0.581922
0.81324,0.581929
-0.81295,-0.582333
0.812945,0.58234
-0.81294,-0.582348
0.81265,0.582752
-0.812645,-0.582759
0.81264,0.582766
-0.812635,-0.582773
0.812345,0.583177
-0.81234,-0.583185
0.812334,0.583192
-0.812044,-0.583596
0.812039,0.583603
-0.812034,-0.58361
0.812029,0.583617
-0.811739,-0.584021
0.811733,0.584028
-0.811728,-0.584035
0.811723,0.584043
-0.811432,-0.584446
0.811427,0.584453
-0.811422,-0.584461
0.811131,0.584864
-0.811126,-0.584871
0.811121,0.584878
-0.811116,-0.584886
0.810825,0.585289
-0.81082,-0.585296
0.810814,0.585303
-0.810523,-0.585706
0.810518,0.585714
-0.810513,-0.585721
0.810508,0.585728
-0.810216,-0.586131
0.810211,0.586138
-0.810206,-0.586145
0.809914,0.586548
-0.809909,-0.586555
0.809904,0.586563
-0.809899,-0.58657
0.809607,0.586972
-0.809602,-0.58698
0.809596,0.586987
-0.809305,-0.587389
0.809299,0.587396
-0.809294,-0.587404
0.809289,0.587411
-0.808997,-0.587813
0.808991,0.58782
-0.808986,-0.587828
0.808694,0.58823
-0.808689,-0.588237
0.808683,0.588244
-0.808678,-0.588251
0.808386,0.588653
-0.80838,-0.588661
0.808375,0.588668
-0.808082,-0.58907
0.808077,0.589077
-0.808072,-0.589084
0.808067,0.589091
-0.807774,-0.589493
0.807768,0.5895
-0.807763,-0.589507
0.807758,0.589514
-0.807465,-0.589916
0.807459,0.589923
-0.807454,-0.58993
0.807161,0.590332
-0.807155,-0.590339
0.80715,0.590346
-0.807145,-0.590353
0.806851,0.590755
-0.806846,-0.590762
0.806841,0.590769
-0.806547,-0.59117
0.806542,0.591177
-0.806536,-0.591184
0.806531,0.591192
-0.806237,-0.591593
0.806232,0.5916
-0.806227,-0.591607
0.805932,0.592008
-0.805927,-0.592015
0.805922,0.592022
-0.805916,-0.592029
0.805622,0.59243
-0.805617,-0.592437
0.805611,0.592444
-0.805317,-0.592845
0.805312,0.592852
-0.805306,-0.592859
0.805301,0.592866
-0.805006,-0.593266
0.805001,0.593274
-0.804996,-0.593281
0.8047,0.593681
-0.804695,-0.593688
0.80469,0.593695
-0.804685,-0.593702
0.804389,0.594103
-0.804384,-0.59411
0.804379,0.594117
-0.804083,-0.594517
0.804078,0.594524
-0.804073,-0.594531
0.804067,0.594538
-0.803772,-0.594938
0.803766,0.594945
-0.803761,-0.594952
0.803756,0.594959
-0.80346,-0.595359
0.803455,0.595366
-0.803449,-0.595373
0.803153,0.595773
-0.803148,-0.59578
0.803143,0.595787
-0.803137,-0.595794
0.802841,0.596193
-0.802836,-0.5962
0.80283,0.596208
-0.802534,-0.596607
0.802528,0.596614
-0.802523,-0.596621
0.802518,0.596628
-0.802221,-0.597027
0.802216,0.597034
-0.80221,-0.597041
0.801913,0.59744
-0.801908,-0.597447
0.801903,0.597454
-0.801898,-0.597462
0.8016,0.59786
-0.801595,-0.597867
0.80159,0.597875
-0.801292,-0.598273
